:::MLLOG {"key": "loadgen_version", "value": "6.0.8 @ NA", "time_ms": 0.008988, "namespace": "mlperf::logging", "event_type": "POINT_IN_TIME", "metadata": {"is_error": false, "is_warning": false, "file": "version.cc", "line_no": 53, "pid": 3905, "tid": 3905}}
:::MLLOG {"key": "loadgen_build_date_local", "value": "2026-01-28T17:27:25.150927", "time_ms": 0.008988, "namespace": "mlperf::logging", "event_type": "POINT_IN_TIME", "metadata": {"is_error": false, "is_warning": false, "file": "version.cc", "line_no": 55, "pid": 3905, "tid": 3905}}
:::MLLOG {"key": "loadgen_build_date_utc", "value": "2026-01-28T17:27:25.150938", "time_ms": 0.008988, "namespace": "mlperf::logging", "event_type": "POINT_IN_TIME", "metadata": {"is_error": false, "is_warning": false, "file": "version.cc", "line_no": 56, "pid": 3905, "tid": 3905}}
:::MLLOG {"key": "loadgen_git_commit_date", "value": "NA", "time_ms": 0.008988, "namespace": "mlperf::logging", "event_type": "POINT_IN_TIME", "metadata": {"is_error": false, "is_warning": false, "file": "version.cc", "line_no": 57, "pid": 3905, "tid": 3905}}
:::MLLOG {"key": "loadgen_git_log_message", "value": "NA", "time_ms": 0.008988, "namespace": "mlperf::logging", "event_type": "POINT_IN_TIME", "metadata": {"is_error": false, "is_warning": false, "file": "version.cc", "line_no": 58, "pid": 3905, "tid": 3905}}
:::MLLOG {"key": "loadgen_git_status_message", "value": "NA", "time_ms": 0.008988, "namespace": "mlperf::logging", "event_type": "POINT_IN_TIME", "metadata": {"is_error": false, "is_warning": false, "file": "version.cc", "line_no": 60, "pid": 3905, "tid": 3905}}
:::MLLOG {"key": "loadgen_file_sha1", "value": {"/.clang-format":"012aad77e5206c89d50718c46c119d1f3cb056b2","/CMakeLists.txt":"a8ebd64f62d0349aeedbe3295d833ebdce625c2e","/MANIFEST.in":"ddeb472d62edf2920db1f8fa3beebe3e831557f1","/README.md":"e850133bdbbfa62c84bc05a7358114d8996e0530","/README_BUILD.md":"a7e4fcdb5572fa084dcb084f1b4cb658b4b7f38f","/README_FAQ.md":"01f9ae9887f50bc030dc6107e740f40c43ca388f","/VERSION.txt":"5dd75089b83bf295c2759409788baab1020a9f63","/__init__.py":"d013101621ef06a0ddc5e7d9ce511918a8b2ebe6","/bindings/c_api.cc":"14d178b64c7fc45d090e038c08d9b78ca943c383","/bindings/c_api.h":"23d9f99e00b2d196e095fae0bb453a391c18d601","/bindings/python_api.cc":"90e9c362d9c0e3fdb7d9fad70b34227d7b70f205","/diagram_network_submission.png":"53dba8ad4272190ceb6335c12fd25e53dc02a8cb","/diagram_submission.png":"84c2f79309b237cef652aef6a187ba8e875a3952","/early_stopping.cc":"0cd7b546a389deac73f7955cd39255ed76557d62","/early_stopping.h":"158fcae6a5f47e82150d6416fa1f7bcef37e77fe","/issue_query_controller.cc":"02fcfe6d9cf958eeb4b6f1f4dbe87ba7eb4d7dec","/issue_query_controller.h":"ed20934fd3507a15949d501ac154be38e766f6ab","/loadgen.cc":"86bc3765857092b9d1f380604b101c771679842a","/loadgen.h":"ce9fcb5d44951e7e9048a83b7c1a41c8b8e0f7d8","/loadgen_integration_diagram.svg":"47f748307536f80cfc606947b440dd732afc2637","/logging.cc":"49e63158ebca654fa4b7c5f3321054cf4d6c3a30","/logging.h":"2102c91dedbaa156beadf0cecc63d2f43a2bd7dd","/mlperf.conf":"5fcc072b4230dd37e42315e9740413f765b711a0","/mlperf_conf.h":"51e73f5143b603af1a0ddb499bc07a7a87da0707","/pyproject.toml":"712fab87b72ba67ef2a068d0f9f47da65130342f","/query_dispatch_library.h":"1f18e9cd3ee4dc89a387cf462de1d0ceb1ece975","/query_sample.h":"c4f399103bc3d172079bbd4cd2b0ca0f22eebc4f","/query_sample_library.h":"8323a2225be1dff31f08ecc86b76eb3de06568bc","/requirements.txt":"a5ff7e77caa6e9e22ada90f0de0c865c987bf167","/results.cc":"fde4e173d3ec8461dd439ff0d8e605b52c4becf5","/results.h":"fce22d5a588d91fd968a6b25c27896dba87bc276","/setup.py":"8dd48aeee1f0cdb30e27d53033bad4989ea11489","/system_under_test.h":"18d4809589dae33317d88d9beeb5491a6e1ccdec","/test_settings.h":"088be02e337dd5610a991e8beac38cfb0fe49d3a","/test_settings_internal.cc":"1e6b962f1e22450b3e0ced24292230c64d23e20a","/test_settings_internal.h":"711a06cde66a3b817556ce3ca05b62ca163220c6","/utils.cc":"3df8fdabf6eaea4697cf25d1dcb89cae88e36efd","/utils.h":"40775e32d619ea6356826ae5ea4174c7911f6894","/version.cc":"cbec2a5f98f9786c8c3d8b06b3d12df0b6550fa0","/version.h":"9d574baa64424e9c708fcfedd3dbb0b518a65fcc","/version_generator.py":"9f23d13276194588473120a8a6ecf5a6ed034a23"}, "time_ms": 0.008988, "namespace": "mlperf::logging", "event_type": "POINT_IN_TIME", "metadata": {"is_error": false, "is_warning": false, "file": "version.cc", "line_no": 67, "pid": 3905, "tid": 3905}}
:::MLLOG {"key": "test_datetime", "value": "2026-07-31T02:37:01Z", "time_ms": 0.019668, "namespace": "mlperf::logging", "event_type": "POINT_IN_TIME", "metadata": {"is_error": false, "is_warning": false, "file": "loadgen.cc", "line_no": 1211, "pid": 3905, "tid": 3905}}
:::MLLOG {"key": "sut_name", "value": "PySUT", "time_ms": 0.019668, "namespace": "mlperf::logging", "event_type": "POINT_IN_TIME", "metadata": {"is_error": false, "is_warning": false, "file": "loadgen.cc", "line_no": 1212, "pid": 3905, "tid": 3905}}
:::MLLOG {"key": "get_sut_name_duration_ns", "value": 1529, "time_ms": 0.019668, "namespace": "mlperf::logging", "event_type": "POINT_IN_TIME", "metadata": {"is_error": false, "is_warning": false, "file": "loadgen.cc", "line_no": 1213, "pid": 3905, "tid": 3905}}
:::MLLOG {"key": "qsl_name", "value": "PyQSL", "time_ms": 0.019668, "namespace": "mlperf::logging", "event_type": "POINT_IN_TIME", "metadata": {"is_error": false, "is_warning": false, "file": "loadgen.cc", "line_no": 1214, "pid": 3905, "tid": 3905}}
:::MLLOG {"key": "qsl_reported_total_count", "value": 4388, "time_ms": 0.019668, "namespace": "mlperf::logging", "event_type": "POINT_IN_TIME", "metadata": {"is_error": false, "is_warning": false, "file": "loadgen.cc", "line_no": 1215, "pid": 3905, "tid": 3905}}
:::MLLOG {"key": "qsl_reported_performance_count", "value": 4388, "time_ms": 0.019668, "namespace": "mlperf::logging", "event_type": "POINT_IN_TIME", "metadata": {"is_error": false, "is_warning": false, "file": "loadgen.cc", "line_no": 1216, "pid": 3905, "tid": 3905}}
:::MLLOG {"key": "requested_scenario", "value": "Offline", "time_ms": 0.033816, "namespace": "mlperf::logging", "event_type": "POINT_IN_TIME", "metadata": {"is_error": false, "is_warning": false, "file": "test_settings_internal.cc", "line_no": 278, "pid": 3905, "tid": 3905}}
:::MLLOG {"key": "requested_test_mode", "value": "AccuracyOnly", "time_ms": 0.033816, "namespace": "mlperf::logging", "event_type": "POINT_IN_TIME", "metadata": {"is_error": false, "is_warning": false, "file": "test_settings_internal.cc", "line_no": 279, "pid": 3905, "tid": 3905}}
:::MLLOG {"key": "requested_offline_expected_qps", "value": 9.5, "time_ms": 0.033816, "namespace": "mlperf::logging", "event_type": "POINT_IN_TIME", "metadata": {"is_error": false, "is_warning": false, "file": "test_settings_internal.cc", "line_no": 316, "pid": 3905, "tid": 3905}}
:::MLLOG {"key": "requested_min_duration_ms", "value": 600000, "time_ms": 0.033816, "namespace": "mlperf::logging", "event_type": "POINT_IN_TIME", "metadata": {"is_error": false, "is_warning": false, "file": "test_settings_internal.cc", "line_no": 322, "pid": 3905, "tid": 3905}}
:::MLLOG {"key": "requested_max_duration_ms", "value": 0, "time_ms": 0.033816, "namespace": "mlperf::logging", "event_type": "POINT_IN_TIME", "metadata": {"is_error": false, "is_warning": false, "file": "test_settings_internal.cc", "line_no": 323, "pid": 3905, "tid": 3905}}
:::MLLOG {"key": "requested_min_query_count", "value": 6000, "time_ms": 0.033816, "namespace": "mlperf::logging", "event_type": "POINT_IN_TIME", "metadata": {"is_error": false, "is_warning": false, "file": "test_settings_internal.cc", "line_no": 324, "pid": 3905, "tid": 3905}}
:::MLLOG {"key": "requested_max_query_count", "value": 0, "time_ms": 0.033816, "namespace": "mlperf::logging", "event_type": "POINT_IN_TIME", "metadata": {"is_error": false, "is_warning": false, "file": "test_settings_internal.cc", "line_no": 325, "pid": 3905, "tid": 3905}}
:::MLLOG {"key": "requested_qsl_rng_seed", "value": 2085463073848966840, "time_ms": 0.033816, "namespace": "mlperf::logging", "event_type": "POINT_IN_TIME", "metadata": {"is_error": false, "is_warning": false, "file": "test_settings_internal.cc", "line_no": 326, "pid": 3905, "tid": 3905}}
:::MLLOG {"key": "requested_sample_index_rng_seed", "value": 2747215439041700203, "time_ms": 0.033816, "namespace": "mlperf::logging", "event_type": "POINT_IN_TIME", "metadata": {"is_error": false, "is_warning": false, "file": "test_settings_internal.cc", "line_no": 327, "pid": 3905, "tid": 3905}}
:::MLLOG {"key": "requested_schedule_rng_seed", "value": 16159082839903944936, "time_ms": 0.033816, "namespace": "mlperf::logging", "event_type": "POINT_IN_TIME", "metadata": {"is_error": false, "is_warning": false, "file": "test_settings_internal.cc", "line_no": 329, "pid": 3905, "tid": 3905}}
:::MLLOG {"key": "requested_accuracy_log_rng_seed", "value": 0, "time_ms": 0.033816, "namespace": "mlperf::logging", "event_type": "POINT_IN_TIME", "metadata": {"is_error": false, "is_warning": false, "file": "test_settings_internal.cc", "line_no": 330, "pid": 3905, "tid": 3905}}
:::MLLOG {"key": "requested_accuracy_log_probability", "value": 0, "time_ms": 0.033816, "namespace": "mlperf::logging", "event_type": "POINT_IN_TIME", "metadata": {"is_error": false, "is_warning": false, "file": "test_settings_internal.cc", "line_no": 332, "pid": 3905, "tid": 3905}}
:::MLLOG {"key": "requested_accuracy_log_sampling_target", "value": 0, "time_ms": 0.033816, "namespace": "mlperf::logging", "event_type": "POINT_IN_TIME", "metadata": {"is_error": false, "is_warning": false, "file": "test_settings_internal.cc", "line_no": 334, "pid": 3905, "tid": 3905}}
:::MLLOG {"key": "requested_print_timestamps", "value": false, "time_ms": 0.033816, "namespace": "mlperf::logging", "event_type": "POINT_IN_TIME", "metadata": {"is_error": false, "is_warning": false, "file": "test_settings_internal.cc", "line_no": 336, "pid": 3905, "tid": 3905}}
:::MLLOG {"key": "requested_performance_issue_unique", "value": false, "time_ms": 0.033816, "namespace": "mlperf::logging", "event_type": "POINT_IN_TIME", "metadata": {"is_error": false, "is_warning": false, "file": "test_settings_internal.cc", "line_no": 337, "pid": 3905, "tid": 3905}}
:::MLLOG {"key": "requested_performance_issue_same", "value": false, "time_ms": 0.033816, "namespace": "mlperf::logging", "event_type": "POINT_IN_TIME", "metadata": {"is_error": false, "is_warning": false, "file": "test_settings_internal.cc", "line_no": 339, "pid": 3905, "tid": 3905}}
:::MLLOG {"key": "requested_performance_issue_same_index", "value": 0, "time_ms": 0.033816, "namespace": "mlperf::logging", "event_type": "POINT_IN_TIME", "metadata": {"is_error": false, "is_warning": false, "file": "test_settings_internal.cc", "line_no": 341, "pid": 3905, "tid": 3905}}
:::MLLOG {"key": "requested_performance_sample_count_override", "value": 4388, "time_ms": 0.033816, "namespace": "mlperf::logging", "event_type": "POINT_IN_TIME", "metadata": {"is_error": false, "is_warning": false, "file": "test_settings_internal.cc", "line_no": 343, "pid": 3905, "tid": 3905}}
:::MLLOG {"key": "requested_accuracy_sample_count_override", "value": 0, "time_ms": 0.033816, "namespace": "mlperf::logging", "event_type": "POINT_IN_TIME", "metadata": {"is_error": false, "is_warning": false, "file": "test_settings_internal.cc", "line_no": 345, "pid": 3905, "tid": 3905}}
:::MLLOG {"key": "requested_sample_concatenate_permutation", "value": true, "time_ms": 0.033816, "namespace": "mlperf::logging", "event_type": "POINT_IN_TIME", "metadata": {"is_error": false, "is_warning": false, "file": "test_settings_internal.cc", "line_no": 347, "pid": 3905, "tid": 3905}}
:::MLLOG {"key": "requested_use_token_latencies", "value": true, "time_ms": 0.033816, "namespace": "mlperf::logging", "event_type": "POINT_IN_TIME", "metadata": {"is_error": false, "is_warning": false, "file": "test_settings_internal.cc", "line_no": 351, "pid": 3905, "tid": 3905}}
:::MLLOG {"key": "effective_scenario", "value": "Offline", "time_ms": 0.034151, "namespace": "mlperf::logging", "event_type": "POINT_IN_TIME", "metadata": {"is_error": false, "is_warning": false, "file": "test_settings_internal.cc", "line_no": 428, "pid": 3905, "tid": 3905}}
:::MLLOG {"key": "effective_test_mode", "value": "AccuracyOnly", "time_ms": 0.034151, "namespace": "mlperf::logging", "event_type": "POINT_IN_TIME", "metadata": {"is_error": false, "is_warning": false, "file": "test_settings_internal.cc", "line_no": 429, "pid": 3905, "tid": 3905}}
:::MLLOG {"key": "effective_samples_per_query", "value": 6270, "time_ms": 0.034151, "namespace": "mlperf::logging", "event_type": "POINT_IN_TIME", "metadata": {"is_error": false, "is_warning": false, "file": "test_settings_internal.cc", "line_no": 431, "pid": 3905, "tid": 3905}}
:::MLLOG {"key": "effective_target_qps", "value": 9.5, "time_ms": 0.034151, "namespace": "mlperf::logging", "event_type": "POINT_IN_TIME", "metadata": {"is_error": false, "is_warning": false, "file": "test_settings_internal.cc", "line_no": 432, "pid": 3905, "tid": 3905}}
:::MLLOG {"key": "effective_target_latency_ns", "value": 0, "time_ms": 0.034151, "namespace": "mlperf::logging", "event_type": "POINT_IN_TIME", "metadata": {"is_error": false, "is_warning": false, "file": "test_settings_internal.cc", "line_no": 433, "pid": 3905, "tid": 3905}}
:::MLLOG {"key": "effective_target_latency_percentile", "value": 0.99, "time_ms": 0.034151, "namespace": "mlperf::logging", "event_type": "POINT_IN_TIME", "metadata": {"is_error": false, "is_warning": false, "file": "test_settings_internal.cc", "line_no": 434, "pid": 3905, "tid": 3905}}
:::MLLOG {"key": "effective_max_async_queries", "value": 1, "time_ms": 0.034151, "namespace": "mlperf::logging", "event_type": "POINT_IN_TIME", "metadata": {"is_error": false, "is_warning": false, "file": "test_settings_internal.cc", "line_no": 436, "pid": 3905, "tid": 3905}}
:::MLLOG {"key": "effective_target_duration_ms", "value": 0, "time_ms": 0.034151, "namespace": "mlperf::logging", "event_type": "POINT_IN_TIME", "metadata": {"is_error": false, "is_warning": false, "file": "test_settings_internal.cc", "line_no": 437, "pid": 3905, "tid": 3905}}
:::MLLOG {"key": "effective_min_duration_ms", "value": 600000, "time_ms": 0.034151, "namespace": "mlperf::logging", "event_type": "POINT_IN_TIME", "metadata": {"is_error": false, "is_warning": false, "file": "test_settings_internal.cc", "line_no": 439, "pid": 3905, "tid": 3905}}
:::MLLOG {"key": "effective_max_duration_ms", "value": 0, "time_ms": 0.034151, "namespace": "mlperf::logging", "event_type": "POINT_IN_TIME", "metadata": {"is_error": false, "is_warning": false, "file": "test_settings_internal.cc", "line_no": 440, "pid": 3905, "tid": 3905}}
:::MLLOG {"key": "effective_min_query_count", "value": 1, "time_ms": 0.034151, "namespace": "mlperf::logging", "event_type": "POINT_IN_TIME", "metadata": {"is_error": false, "is_warning": false, "file": "test_settings_internal.cc", "line_no": 441, "pid": 3905, "tid": 3905}}
:::MLLOG {"key": "effective_max_query_count", "value": 0, "time_ms": 0.034151, "namespace": "mlperf::logging", "event_type": "POINT_IN_TIME", "metadata": {"is_error": false, "is_warning": false, "file": "test_settings_internal.cc", "line_no": 442, "pid": 3905, "tid": 3905}}
:::MLLOG {"key": "effective_min_sample_count", "value": 6270, "time_ms": 0.034151, "namespace": "mlperf::logging", "event_type": "POINT_IN_TIME", "metadata": {"is_error": false, "is_warning": false, "file": "test_settings_internal.cc", "line_no": 443, "pid": 3905, "tid": 3905}}
:::MLLOG {"key": "effective_qsl_rng_seed", "value": 2085463073848966840, "time_ms": 0.034151, "namespace": "mlperf::logging", "event_type": "POINT_IN_TIME", "metadata": {"is_error": false, "is_warning": false, "file": "test_settings_internal.cc", "line_no": 444, "pid": 3905, "tid": 3905}}
:::MLLOG {"key": "effective_sample_index_rng_seed", "value": 2747215439041700203, "time_ms": 0.034151, "namespace": "mlperf::logging", "event_type": "POINT_IN_TIME", "metadata": {"is_error": false, "is_warning": false, "file": "test_settings_internal.cc", "line_no": 445, "pid": 3905, "tid": 3905}}
:::MLLOG {"key": "effective_schedule_rng_seed", "value": 16159082839903944936, "time_ms": 0.034151, "namespace": "mlperf::logging", "event_type": "POINT_IN_TIME", "metadata": {"is_error": false, "is_warning": false, "file": "test_settings_internal.cc", "line_no": 447, "pid": 3905, "tid": 3905}}
:::MLLOG {"key": "effective_accuracy_log_rng_seed", "value": 0, "time_ms": 0.034151, "namespace": "mlperf::logging", "event_type": "POINT_IN_TIME", "metadata": {"is_error": false, "is_warning": false, "file": "test_settings_internal.cc", "line_no": 448, "pid": 3905, "tid": 3905}}
:::MLLOG {"key": "effective_accuracy_log_probability", "value": 0, "time_ms": 0.034151, "namespace": "mlperf::logging", "event_type": "POINT_IN_TIME", "metadata": {"is_error": false, "is_warning": false, "file": "test_settings_internal.cc", "line_no": 450, "pid": 3905, "tid": 3905}}
:::MLLOG {"key": "effective_accuracy_log_sampling_target", "value": 0, "time_ms": 0.034151, "namespace": "mlperf::logging", "event_type": "POINT_IN_TIME", "metadata": {"is_error": false, "is_warning": false, "file": "test_settings_internal.cc", "line_no": 452, "pid": 3905, "tid": 3905}}
:::MLLOG {"key": "effective_print_timestamps", "value": false, "time_ms": 0.034151, "namespace": "mlperf::logging", "event_type": "POINT_IN_TIME", "metadata": {"is_error": false, "is_warning": false, "file": "test_settings_internal.cc", "line_no": 454, "pid": 3905, "tid": 3905}}
:::MLLOG {"key": "effective_performance_issue_unique", "value": false, "time_ms": 0.034151, "namespace": "mlperf::logging", "event_type": "POINT_IN_TIME", "metadata": {"is_error": false, "is_warning": false, "file": "test_settings_internal.cc", "line_no": 455, "pid": 3905, "tid": 3905}}
:::MLLOG {"key": "effective_performance_issue_same", "value": false, "time_ms": 0.034151, "namespace": "mlperf::logging", "event_type": "POINT_IN_TIME", "metadata": {"is_error": false, "is_warning": false, "file": "test_settings_internal.cc", "line_no": 457, "pid": 3905, "tid": 3905}}
:::MLLOG {"key": "effective_performance_issue_same_index", "value": 0, "time_ms": 0.034151, "namespace": "mlperf::logging", "event_type": "POINT_IN_TIME", "metadata": {"is_error": false, "is_warning": false, "file": "test_settings_internal.cc", "line_no": 459, "pid": 3905, "tid": 3905}}
:::MLLOG {"key": "effective_performance_sample_count", "value": 4388, "time_ms": 0.034151, "namespace": "mlperf::logging", "event_type": "POINT_IN_TIME", "metadata": {"is_error": false, "is_warning": false, "file": "test_settings_internal.cc", "line_no": 461, "pid": 3905, "tid": 3905}}
:::MLLOG {"key": "effective_accuracy_sample_count", "value": 4388, "time_ms": 0.034151, "namespace": "mlperf::logging", "event_type": "POINT_IN_TIME", "metadata": {"is_error": false, "is_warning": false, "file": "test_settings_internal.cc", "line_no": 463, "pid": 3905, "tid": 3905}}
:::MLLOG {"key": "effective_sample_concatenate_permutation", "value": true, "time_ms": 0.034151, "namespace": "mlperf::logging", "event_type": "POINT_IN_TIME", "metadata": {"is_error": false, "is_warning": false, "file": "test_settings_internal.cc", "line_no": 465, "pid": 3905, "tid": 3905}}
:::MLLOG {"key": "generic_message", "value": "Starting accuracy mode", "time_ms": 0.035799, "namespace": "mlperf::logging", "event_type": "POINT_IN_TIME", "metadata": {"is_error": false, "is_warning": false, "file": "loadgen.cc", "line_no": 1101, "pid": 3905, "tid": 3905}}
:::MLLOG {"key": "loaded_qsl_set", "value": [216,3543,1075,2589,4264,4276,1875,2333,1034,882,910,801,1713,2201,1394,478,4345,3146,2586,372,3849,772,3567,3921,2269,2498,2380,107,4011,1156,3327,1826,1202,1790,4358,3241,3527,173,242,3978,2637,975,3776,39,1253,3296,306,1758,170,2863,269,3832,3842,3274,3308,768,3975,2817,3693,3661,3353,707,1180,2977,2258,3863,253,3278,1043,3085,4021,275,3774,2354,720,2824,1354,2729,2045,2284,733,643,2270,3396,1639,4120,581,2450,2722,1369,3885,1074,1695,3476,4151,3611,3613,3624,3735,340,1199,3712,3290,1936,2184,2180,2730,2670,1993,1979,3293,1209,4055,2610,2077,1176,2439,1576,2962,3320,101,4115,2043,2291,20,1580,1974,273,1861,1515,3493,439,1900,3447,3979,1242,571,1255,495,3271,3560,2292,3314,1470,3993,1529,810,3955,3968,2337,3990,2745,3106,138,3945,3000,146,2781,1422,1238,1958,2575,3635,1293,905,726,2240,198,1910,2710,4384,2262,574,1466,4386,3855,4271,3728,1764,2283,3015,2186,4152,3030,403,2948,1748,132,5,1310,2880,4224,1795,929,959,2382,1044,988,1182,2039,2334,2047,2061,1609,1905,3286,1317,3055,3816,944,3928,3464,3485,3926,1557,503,323,1823,992,2850,2947,3328,4164,4296,1060,1446,3440,2050,205,1057,3881,1904,4341,4370,3386,1771,845,145,3860,2831,3853,4182,158,3360,2139,1450,858,3029,2350,3152,3330,564,229,829,2597,694,1473,2875,789,3679,1259,897,1236,4255,1154,4035,833,1067,1922,2103,263,1135,2452,3283,948,2032,2319,4081,943,2455,2997,1583,3822,1457,1026,3556,2059,3251,2838,3397,3473,969,2707,2191,1266,3553,2926,2478,3856,53,764,393,1871,1312,633,2487,1718,1756,1208,2228,2005,3335,1989,608,2137,3194,3374,3880,2511,2208,856,3316,4312,2259,3059,3433,1777,319,2974,2642,442,438,2960,1480,4082,2993,4052,1675,1964,215,1499,1843,596,966,62,4323,3946,79,577,2736,2314,2520,3142,2647,2353,3297,3897,2579,2181,1452,3185,594,920,3087,344,2814,1371,3387,2922,2424,1906,3212,1857,3910,586,1233,3967,4229,866,4187,3958,3234,1299,2911,1586,2988,3202,2910,3376,1330,933,4090,2126,817,2003,2800,1250,3646,2117,207,2752,129,1423,4363,1504,2142,3372,4118,91,2534,4032,2316,1333,3821,593,164,1766,1341,128,2122,2818,3804,4256,1289,3068,3101,3724,278,2798,816,2068,576,3658,2312,2536,881,3868,847,1046,3203,1686,122,4038,752,3762,2214,3886,697,3198,3747,1990,3193,2970,4228,3721,716,2189,3504,4314,1073,3973,3761,2264,2114,4113,4265,3292,3531,1308,900,26,600,33,2411,652,3538,0,1656,4233,2273,2847,3319,961,3681,4219,1213,706,2714,2563,2844,1051,2628,2464,1349,3913,4349,3141,3171,3518,3498,2183,3264,3787,1530,3046,2147,3879,3091,1584,4347,3148,687,3223,2823,359,3398,2618,1776,819,484,1598,455,4257,169,2295,1746,385,3539,4013,1917,3980,133,2902,3824,237,367,3819,1697,44,1406,1022,3038,3976,2596,1340,2159,591,3395,3229,2080,2344,812,2079,1256,2799,1482,1827,1533,1232,3340,2109,3564,568,4116,2627,2303,144,3452,1668,1521,177,545,927,1902,254,3870,584,4378,191,4064,2092,2541,583,2231,3184,303,998,3362,3600,554,2858,1992,873,4222,3122,127,2286,2638,4127,475,860,1873,3596,2712,374,2260,3680,2346,2405,3875,1731,3321,3519,1889,820,3471,1613,1306,1953,3150,3291,4135,2715,4221,3281,3834,3887,2932,2516,1295,2206,1188,980,2416,3715,2629,2514,1492,259,1185,2304,1657,2657,2914,2430,2136,3110,3490,222,3215,1055,3939,1920,2091,2588,324,3719,2441,1655,1117,826,230,2928,2980,3864,2220,1911,1986,2756,3317,665,1812,1001,2692,1404,921,2559,601,2574,4247,2075,4042,922,1642,1563,3135,2779,3121,3901,4374,2098,2968,3540,522,1943,4000,792,685,1267,848,1410,946,423,1623,1274,2867,541,55,3019,2743,2193,2188,27,2057,2275,1646,1218,2238,3866,1789,655,4230,1721,471,3299,1365,2796,1564,784,448,1102,375,1531,3876,2,918,598,2307,4214,2828,180,1246,3749,4318,2681,1621,632,532,763,3195,1543,1028,4248,3446,3284,2525,2466,3873,2599,1332,2097,3004,109,1370,143,1938,2713,4346,2342,4350,1090,3981,2274,1802,171,2217,1932,1280,1888,1951,1669,3953,3623,747,2495,1279,200,642,4365,2839,74,2150,2815,2244,719,1624,507,1302,433,2408,2418,2871,1336,398,1782,895,2149,3755,3434,2402,435,2776,3756,2939,3650,2907,97,1603,3780,3147,3812,879,2370,1421,1029,3124,182,4071,3367,588,3546,2808,2163,313,469,1688,3767,3796,1409,1258,1948,746,3131,297,3460,510,1750,1313,4246,2035,105,3192,1852,3224,1565,1897,506,3961,1425,3983,3904,430,4225,1912,1615,1177,2351,1143,2054,1773,3884,1679,2706,1164,2972,1134,739,3310,3954,3197,3061,3836,3688,2927,201,3742,1753,3723,3521,4288,1969,224,3331,2734,1794,2518,979,1698,1169,3948,3127,811,3226,4170,790,3039,2034,585,3457,4160,3639,3713,382,2308,3431,4249,4297,1254,2805,2018,3708,3722,2021,1148,199,2612,1862,1534,861,4044,2110,206,2471,3952,804,3537,2360,850,836,514,722,2758,1006,2454,262,3997,3363,2249,3326,3154,3996,1096,2084,1785,2513,2562,346,2174,1114,2622,552,3408,1546,2460,192,3454,3604,2835,1638,1311,1030,1429,3758,1838,3940,3214,279,2036,3009,1023,673,3763,4316,909,1095,1339,2964,2591,1405,1100,3300,1851,3603,4278,3,447,34,556,3764,835,2169,1171,77,3548,3573,300,1355,1749,3158,3253,3117,2332,1663,890,2396,3488,4216,827,907,1819,4199,3449,1483,1844,2632,729,283,3617,674,1390,3479,1898,1702,1475,410,1126,4009,3911,318,1666,518,993,54,1036,1801,3769,3238,414,2399,3675,2320,6,4274,284,3159,2861,2468,3472,513,3922,1414,2310,1364,2690,3917,286,294,3176,538,2865,1485,677,4366,3882,3086,2526,2166,1867,3727,2735,1172,2954,2395,1152,1907,872,1554,126,3676,666,1594,1774,1094,4045,3272,4167,1220,459,3277,2851,3794,2558,1011,3530,1901,63,767,1493,3918,3478,2019,3930,2261,2567,2631,3302,3670,422,1318,3932,3377,65,964,3545,1235,1772,1344,1640,428,2992,2421,1353,4294,3583,3890,1325,2870,1926,2780,3365,3852,3467,1257,1170,664,3190,2165,1107,2144,3739,2318,2893,3631,3250,702,1513,2361,2732,761,153,875,2955,226,1007,2447,2088,555,1420,3136,309,3838,1924,1197,1893,1063,413,3592,436,2750,3501,3837,1389,505,1792,3093,2363,986,2463,3361,1395,2056,4168,3657,2971,3962,1715,1597,1168,1061,1939,2640,3653,4034,572,3711,3248,3428,888,4083,4302,1194,2882,2669,1856,426,834,682,83,636,3469,1175,3507,2227,3200,3827,315,3919,711,301,651,3775,292,2112,2848,2461,775,2764,2719,350,1300,3652,4,2252,328,3233,1324,2146,1088,3789,751,976,3470,3532,2698,2564,4309,1886,1868,1925,1542,3828,1346,3407,3525,4209,1511,661,1115,1682,2248,2961,4129,1467,4215,4066,3359,3181,3544,3031,2434,4078,390,1512,4157,3421,233,1874,4305,2889,2601,3610,4360,4025,640,1788,788,266,1634,3692,464,3228,2639,2143,1350,1118,3809,3306,3920,557,802,997,605,69,3465,863,3062,971,2435,1335,1145,3966,1814,1214,3745,76,347,1796,2565,3151,2616,535,325,2299,3466,3563,1797,1824,2645,1329,2099,2604,898,4008,688,2894,914,2912,4179,869,3771,3249,2746,2545,4226,1440,2223,78,3060,2674,3107,755,3484,1665,3970,4380,2873,660,3858,1632,2812,415,641,3216,52,165,3705,1520,862,3806,1727,983,3914,3523,1439,2052,540,1608,3157,1881,4240,2727,622,3455,1914,3312,1501,3073,1123,4091,1704,1636,3602,159,4284,4211,1463,620,115,1522,2168,2853,2387,3477,1849,1004,1523,476,3483,743,1442,4101,280,364,3275,3642,1811,332,967,990,1066,1545,2271,2996,604,378,3506,195,2170,2555,3565,1139,3375,1949,1929,3025,4266,209,4243,1553,4010,2945,96,559,894,1954,3325,616,2339,1086,1124,698,4037,3788,2998,2309,1651,2676,3900,1264,1751,1743,3186,1125,341,3191,2607,1879,1150,429,1276,2700,293,1927,3633,2860,599,369,3607,1002,1815,2195,1928,950,1809,2810,212,4244,3859,296,1595,4153,376,3716,2282,3126,3641,1101,1985,3139,2058,2981,1226,958,795,289,3634,1431,2381,2426,3950,3352,4019,4280,806,2185,3170,298,189,4062,4287,2566,3388,1916,621,3065,394,1859,2671,489,13,2755,4122,2991,2608,4125,1356,3510,3533,3448,644,3040,3813,4270,2592,1098,2809,3089,1116,2130,3018,723,3112,3586,304,396,3704,1840,395,256,17,3677,1674,3845,3012,4324,4382,231,693,615,1963,1445,29,3123,1759,2015,3090,3803,3497,4334,3959,2148,1973,4175,497,100,1574,1138,731,1243,2951,2892,314,1178,1768,2539,1272,2436,896,1592,1407,4110,1630,1976,4201,1829,1579,3992,1884,3847,3182,3259,2484,3252,1351,2106,1181,618,3620,3373,1865,566,2222,93,2473,424,491,3857,1767,550,842,2367,3974,3307,844,3077,3965,625,2523,3790,4367,140,703,1885,3351,2859,2107,2684,2549,380,634,3187,1742,1432,316,1216,157,3664,3042,1383,485,3669,1018,1056,3427,4317,2846,1982,2481,3303,2826,1629,4033,2121,288,695,760,2985,4124,1129,1174,4281,4117,1083,339,456,1800,2702,1359,2040,3225,512,1628,3808,1581,2041,10,1357,1798,308,2906,3044,3067,3235,4290,1121,483,3937,211,2243,2649,4149,2278,1162,2384,1284,11,1343,3526,1641,3695,2553,1567,1103,4220,972,4344,3924,3612,1762,2225,3145,3843,3628,813,4098,774,1741,3017,106,2530,734,4333,2104,3343,2073,1575,567,1366,2874,4291,3134,3572,3835,2708,361,606,1687,290,441,2410,3400,3231,3125,3963,2503,776,4342,295,4178,1735,268,4023,984,614,291,2134,3683,973,3417,1403,1137,2124,7,246,1019,1694,147,3765,1015,2325,3001,381,791,3289,3144,4189,4192,2230,2065,3432,2427,1303,1269,2651,1059,1210,3651,2479,3332,322,3984,168,1042,68,2094,1604,1612,3570,3871,1678,75,828,3782,1323,4075,2768,3778,1525,4198,3686,2296,1155,4087,3994,3784,1699,94,247,2160,116,3102,392,2086,3752,2128,4200,1361,3589,1012,2444,1120,2568,690,2615,1454,590,1040,2742,1093,3036,735,3167,3207,502,2305,2365,1895,1549,130,2678,2340,3165,3404,3499,1494,2515,960,1711,3929,1600,64,1461,3626,1740,240,932,2046,553,1204,1816,2465,45,2898,1860,1988,1918,2368,2538,1260,1780,3740,1853,2941,4022,1192,1654,2389,2125,384,4371,1399,1806,2123,3358,1496,1016,940,2721,1894,4250,121,213,4238,1320,2512,1680,840,160,2129,3621,648,1747,2775,3685,2578,3366,4123,2983,249,2051,741,2425,466,3802,3462,3430,4048,2014,3825,517,1275,3385,427,2417,312,3344,1744,893,1693,416,3075,2145,4383,548,2938,2517,2920,2385,3500,186,4311,494,1995,3410,1550,1195,92,2915,1241,1451,2167,2008,742,1946,4154,4061,3339,1381,1971,876,3989,1833,3791,3023,1810,405,41,3807,1027,2661,1065,2813,1190,1864,1290,1319,1518,2070,713,1382,2619,610,2940,1285,3369,931,2772,1502,2482,1,357,3729,2929,4307,2386,2620,3378,780,1965,2023,2691,488,537,1587,3552,3515,2265,272,2944,2777,3043,4060,3829,2235,1291,949,2392,516,4260,1996,3424,3909,1822,366,4172,2613,3183,404,4068,1376,3096,3630,4361,3322,479,3482,2161,3227,2324,2256,1186,351,3083,4204,2950,444,2010,4272,2896,3028,2767,1417,360,2404,1855,1930,1228,3694,3536,3105,1726,3737,3173,4155,1866,902,2218,3731,2942,1685,2172,1528,1787,155,1071,99,4063,2437,1611,1752,1552,3614,2020,3517,871,3254,3405,2956,1837,2720,2543,727,305,3425,3481,1820,3402,2001,1730,595,1821,1153,2118,358,2085,2082,952,3103,2467,1941,4235,1572,877,2636,4076,3841,965,4379,4096,1219,2878,3450,1215,2489,1207,21,2836,1113,1402,2164,779,1278,2658,1024,2837,2294,2582,210,935,4059,3287,2377,2595,2804,654,2267,3357,4269,2474,1252,2959,1393,1846,3766,3736,523,3468,1637,1585,187,2925,2152,1476,1268,2766,3458,2573,1434,3701,1544,1882,1200,2999,3052,1082,2215,830,2770,3422,1396,1144,3520,2811,3732,2456,999,1719,3951,3575,2328,870,2372,125,3748,939,3441,4267,1569,4180,2990,3903,1909,362,3204,3346,4144,1033,4275,3579,3720,753,1080,1149,3079,2832,1385,4148,3256,2787,2550,2688,2203,1959,3104,4162,3111,3074,4069,1415,481,3744,3137,2357,4254,1105,2173,2483,1684,2790,1234,407,3726,1658,672,2718,3379,3050,161,3702,4292,131,1301,496,995,15,1271,2355,3318,3814,2507,2115,373,4169,450,311,4322,2133,1602,4245,3206,1099,258,217,1460,3703,3874,1363,692,4261,4195,3667,4277,3773,3072,899,815,2393,1225,4283,3597,498,4348,2869,2617,662,3247,3057,2078,3368,3338,2131,656,3986,4331,47,2660,2499,178,1828,3295,1692,1136,649,4147,2422,2178,3550,3689,2633,759,2095,480,635,3935,3222,3243,2459,3348,214,2854,2643,3551,1803,1397,1622,3915,725,3393,650,3411,778,985,3947,3401,1510,4325,4377,2987,2930,2371,3047,3718,2982,1793,1017,4041,613,2025,977,3128,1163,1942,139,2440,1305,4145,4372,2210,589,3627,2419,1447,1488,123,793,4174,1077,238,544,3785,1437,43,936,1237,150,3830,3615,3797,2089,928,2786,1053,1566,3938,2761,4320,265,1850,1212,2785,1187,95,4227,4012,3232,3805,2744,3439,3391,2500,2182,4268,2004,4375,1196,61,2554,3619,708,2335,3267,3927,1724,533,3334,4177,1903,2967,3329,3933,4132,787,3571,1972,782,2634,1880,1845,3161,3162,1899,282,3792,3844,2409,1625,991,1761,737,1599,798,2375,1337,1588,3682,3502,1784,1038,1092,221,3923,2331,4210,705,4239,2697,3210,736,2221,846,2198,1316,4359,4130,225,1478,658,60,938,4339,4131,1471,2630,1165,2548,1734,3999,1375,3069,1970,3505,947,3097,2030,689,124,411,486,1915,4273,3730,3753,1643,3244,1842,2680,36,412,3637,4340,878,3585,264,3412,4385,3781,2552,4100,2590,748,234,1035,4205,1956,1890,4029,987,3213,22,32,886,1000,3799,4330,490,3258,1573,487,956,1786,906,1373,1020,2398,2200,2843,3648,388,4193,2580,3734,1089,331,1070,1262,609,218,4092,3026,1464,3163,4088,2740,1495,2341,3070,2219,2250,934,769,4338,4111,3606,2737,1245,3119,838,908,2886,4036,1411,3071,3355,154,1535,2937,188,2116,3459,2449,1387,821,73,2820,1708,1091,1722,547,1978,1314,536,3503,3475,112,3678,4086,669,3662,3413,560,2448,2194,1490,4166,1151,4327,1342,2400,3480,2685,770,3581,2379,3080,1627,387,974,2293,2625,2374,1224,2011,1025,3818,3399,1984,445,3218,832,2716,492,3878,2822,9,3522,1283,2403,1013,2687,1367,1631,2695,883,3129,2300,1441,3315,271,1577,3851,3934,452,526,524,1736,474,1556,3016,1908,2895,1683,1966,1696,1807,963,3262,468,1805,2765,4119,1582,2904,2656,916,343,3988,539,1106,1481,3754,2653,519,3588,4161,3972,1770,14,630,2279,3461,2855,4279,2884,470,3336,841,3826,1087,2090,617,3345,3143,4065,2600,1119,2394,281,825,915,113,4001,704,2830,911,543,166,4362,2472,2119,3672,2748,4143,2864,3892,3795,1883,3063,18,2821,1769,2801,1519,3438,1817,2102,3354,2899,913,4217,3640,3750,49,1659,3333,3208,1391,1667,434,4368,657,3746,2872,3370,2044,333,1104,1347,3394,1062,3671,1455,749,1524,3891,2470,114,2141,2557,504,1689,1436,1412,2251,1372,4381,647,2232,2623,2406,3037,2378,2544,2584,757,903,3511,1309,1835,19,765,4357,2108,3654,3020,2504,1617,1779,3095,1142,1980,2349,1775,1561,3495,1509,2207,4159,203,1977,3035,2397,3770,202,473,691,2918,1003,1184,2506,1131,3666,3706,1896,1526,353,1288,612,2885,458,1401,4203,4354,1189,4095,887,807,2540,4376,4184,3298,2175,874,4073,646,4105,1146,326,3869,28,1491,1690,111,3237,3622,3848,715,3605,2329,1392,2868,3027,2975,1010,701,696,2016,4142,2024,1072,2204,668,1438,851,2792,48,738,1763,2949,1539,3798,3280,2789,1109,1263,2689,1818,2451,2391,371,4194,23,4107,1610,2383,1157,2754,3751,1548,4027,408,4321,623,2317,814,653,493,418,85,3285,2155,4056,3656,38,1161,3673,16,3700,2682,1506,3429,2532,2301,2154,3347,3100,4049,35,3242,3175,4054,1633,3743,2701,1248,204,2827,4197,607,3850,678,3053,1700,148,4188,2390,509,1418,2606,684,1294,1400,2976,2795,1983,4262,2311,2919,3076,3416,884,4299,3313,1039,1834,2343,1738,3707,2533,942,1728,2287,1111,2055,2921,2477,1578,2493,327,4104,1021,4335,3684,3437,2066,4259,1516,785,4310,2096,2561,4173,3943,102,2281,3246,1725,912,2202,1570,853,3908,3266,1444,3236,970,750,1536,4047,2453,3949,1955,2673,1551,2071,3389,4369,3710,310,3021,3406,370,3309,2486,781,1141,1558,4080,700,2866,994,1097,2322,639,4232,134,3205,1507,611,3514,4336,174,3383,558,2457,1201,383,183,3786,2012,243,2973,1296,257,1081,4097,3820,1240,1712,3260,551,2245,3985,981,1297,1778,3350,1380,1388,3977,1433,681,2672,1934,2369,2833,3436,3574,2905,1352,1527,868,1607,1338,1878,2105,2626,1430,1836,3894,2984,1448,277,3768,104,3426,40,3257,110,1130,3741,356,2652,2412,261,3081,4058,1991,573,885,117,3114,671,2192,4332,2413,1287,2704,4146,454,3011,2576,1147,721,1987,4236,3558,4223,2415,2741,1858,1872,3160,4057,31,2995,3733,1804,1227,587,1997,996,337,1321,3453,4183,2327,4137,2577,1191,461,2802,3174,4108,3931,565,680,431,3964,1167,1064,2356,2923,3690,227,3674,3164,1014,3489,941,4093,365,152,1047,136,1474,2624,2857,443,3508,4077,4014,1540,2662,3696,399,2306,2570,2686,2067,1052,2234,2081,4218,710,2280,2072,377,108,1032,235,3109,4158,3817,2738,2667,745,3064,3899,3629,2900,4285,3697,1484,2288,4015,1892,1282,1644,1265,2156,3883,3092,368,3392,2793,2431,172,3591,3240,1419,1940,2224,4313,520,2757,626,2289,3189,432,3337,1413,386,3419,208,1328,2255,400,3577,3390,3969,2007,1968,2771,4190,3217,3007,579,3418,3268,528,1754,904,3130,3898,2694,460,2583,1714,4114,1681,3618,1050,1952,241,3381,4306,1128,1477,4351,1671,796,1962,119,2132,477,1205,4007,839,8,500,472,1211,1193,3893,679,857,3305,190,1887,2891,4387,2958,1705,3867,4051,4046,4020,1626,3660,2414,2791,2881,1559,4070,196,1672,592,2505,1999,2074,244,2053,1292,1426,855,4308,714,1277,2648,4356,1348,3638,2027,2551,3906,440,2388,3054,252,1701,2547,2177,2407,4099,822,1508,2446,1334,37,2101,4150,3084,3905,1931,659,2135,3907,175,4126,926,409,2458,3559,2646,2420,3590,3957,1058,2226,2138,2931,463,3594,4364,2038,4128,1005,3998,3294,4352,2033,2153,2100,919,1601,2594,2352,4018,849,2527,72,3833,330,4121,276,437,67,1487,335,2845,2009,2031,2502,3942,3529,2603,3098,250,508,401,1537,3691,1950,3177,3800,3665,1919,1960,562,2298,852,2475,2806,4165,1424,236,1869,3599,1620,3356,2966,2272,86,1008,420,4156,1648,2897,3486,3094,3088,1378,1326,3582,645,1428,2760,193,1009,1876,1619,3547,3609,2666,3014,515,2237,2783,3576,3861,71,2711,3568,2546,1673,3034,2063,4196,2497,3757,3941,270,184,228,4315,1247,2725,2946,4163,1183,1560,945,3273,3811,2362,628,3115,2650,338,3166,4343,631,2233,4005,1133,2263,1791,1304,2113,1975,1158,2162,267,2763,3872,2508,3423,1591,3010,1368,1076,2060,4186,3002,2076,56,2469,320,4079,4140,1459,2429,4181,831,2242,3632,219,2731,3496,446,3608,1223,4109,1589,2953,70,1937,728,663,342,2338,3435,2366,3759,2909,4208,2609,1179,4242,1085,699,4016,1398,4213,1462,818,629,3311,329,88,4234,1298,120,1374,2598,2696,57,2733,1286,51,3793,968,1870,2842,3960,2247,3512,4136,3541,1670,4185,3888,1716,2856,1935,2236,2490,3024,3725,1757,2476,1854,3839,2659,3138,4237,2794,4207,3245,66,2531,1221,3956,3349,3099,223,1947,2348,98,2969,1847,336,59,2290,2158,1217,12,1386,2602,1048,417,569,1676,3414,2903,4030,4106,2330,2979,4301,3201,2062,1203,3862,675,1249,84,3854,3364,953,4293,2621,2013,2120,619,3902,1841,808,3895,389,2022,730,2890,2321,3840,3179,1921,2888,2151,3595,1593,3168,1503,2364,3120,1709,1662,4040,2326,501,1068,3049,167,2000,2655,1160,597,2140,754,1458,4085,1755,989,2401,2751,758,2723,2239,2675,3196,162,2679,3270,1037,744,2717,2587,1653,4328,1443,176,1031,2703,2176,2529,2887,1998,2957,4138,563,354,2876,4043,2205,1140,2917,58,1322,570,1616,954,978,1863,2986,2829,1049,1198,3717,1222,575,3178,156,2428,2323,2491,2488,2537,603,4337,391,1691,1273,865,2492,1230,2485,843,363,135,179,4231,837,4067,2693,1830,2747,2501,809,2253,3420,2347,712,582,2083,917,1649,3116,3492,724,46,2246,2521,3645,248,3443,2496,4253,2749,1652,3288,4282,1270,118,766,2605,2585,1994,2654,3509,638,3180,1377,3118,3810,3261,2762,2042,4202,1110,3444,2297,2241,3714,4355,1078,149,4252,1327,2709,1108,185,1961,799,2285,1538,4031,667,3265,4112,3663,3008,2445,637,3463,982,3132,3013,3535,797,2277,1660,3936,3760,717,823,4050,3033,3403,1315,1159,3045,1760,2724,2782,2002,467,951,30,3172,561,2908,2819,3199,2556,1745,2883,4084,3078,1737,1435,4258,1957,181,2509,3971,1532,2778,1832,4300,1677,4286,1500,3239,3255,4304,274,2257,3022,1472,2373,2989,287,2212,2593,1547,1739,3324,1765,3006,24,2841,4289,4074,1839,1112,2197,1571,3601,3598,3534,4089,3304,1239,2753,2029,302,1707,1877,3925,421,255,2358,2315,3549,2916,1456,783,4103,4141,397,142,3113,465,2664,891,2209,2965,1813,1206,2936,962,527,3944,777,2376,2901,82,1486,3048,1514,3445,1307,3916,355,3032,709,3005,1945,4295,2807,627,2049,1848,3889,2037,2803,2614,1664,2739,3415,345,1596,824,549,1261,2199,482,3578,2442,1079,251,4171,3516,3643,3668,542,1605,2879,3371,3896,546,3341,1650,3230,3801,2641,1132,1449,141,4241,2196,3636,3738,1127,1360,1590,1229,3149,2825,1568,321,803,3456,3156,670,2665,1345,3557,1541,151,197,2127,2952,1831,2569,3625,1923,1517,3051,348,3108,2157,3528,2840,1635,1281,3846,880,4212,2336,307,2572,4176,1045,3474,3580,4002,732,4094,786,4373,3409,3188,529,2728,794,525,3140,805,3561,901,3555,2913,4191,2026,1231,2171,4017,3301,3772,1427,4263,3987,3649,3815,2849,499,462,925,2028,80,2933,1498,762,1618,867,624,3133,1799,2788,4004,2934,194,406,2438,4329,245,937,771,718,2644,90,2111,232,2705,25,1244,2560,2254,2663,451,955,3655,2784,3562,2852,4206,3584,2266,531,4251,4028,1251,2797,800,3209,864,334,3451,3524,2069,578,1732,3991,4024,740,3912,3382,1041,425,1606,2480,3982,1084,2213,3865,1497,2834,1416,3699,103,2769,1647,3644,1166,1468,3056,2443,1967,511,3566,3659,4026,4353,1944,3269,2963,2581,2017,1384,859,2862,3687,4072,3442,889,3219,2276,3616,2179,521,2978,42,457,3211,1981,1362,2211,2699,1453,3169,402,3823,3877,2571,163,2006,1408,3384,957,1122,3066,3995,2302,2216,1781,1645,2877,50,4298,2519,2229,2187,3220,4133,3569,3647,1358,3003,2935,4006,1479,419,686,2048,4039,923,3153,4139,1331,352,3282,676,4134,756,1717,580,1729,924,3513,1913,3221,239,1505,3082,3342,2524,317,1614,1933,2087,2774,260,602,299,2432,89,1465,1733,1720,1054,1891,81,2668,892,2726,2635,4102,930,1661,2423,3593,3279,2359,2773,349,2924,773,3779,1703,1562,3709,3783,3491,2268,2611,2683,2522,2816,453,137,1783,2510,530,3041,2535,3554,87,2943,1808,2064,2528,2677,3587,2190,4003,4326,3542,3058,854,3831,683,534,285,2433,379,1825,3698,2759,4303,1555,3777,1723,2494,1469,3494,3263,1489,3323,220,2462,3380,2093,4053,1173,2542,2345,2313,3155,4319,1069,1706,449,1379,2994,3276,3487,1710], "time_ms": 0.098205, "namespace": "mlperf::logging", "event_type": "POINT_IN_TIME", "metadata": {"is_error": false, "is_warning": false, "file": "loadgen.cc", "line_no": 608, "pid": 3905, "tid": 3905}}
:::MLLOG {"key": "generated_query_count", "value": 1, "time_ms": 0.421549, "namespace": "mlperf::logging", "event_type": "POINT_IN_TIME", "metadata": {"is_error": false, "is_warning": false, "file": "loadgen.cc", "line_no": 427, "pid": 3905, "tid": 3905}}
:::MLLOG {"key": "generated_samples_per_query", "value": 4388, "time_ms": 0.421549, "namespace": "mlperf::logging", "event_type": "POINT_IN_TIME", "metadata": {"is_error": false, "is_warning": false, "file": "loadgen.cc", "line_no": 428, "pid": 3905, "tid": 3905}}
:::MLLOG {"key": "generated_query_duration", "value": 105263157, "time_ms": 0.421549, "namespace": "mlperf::logging", "event_type": "POINT_IN_TIME", "metadata": {"is_error": false, "is_warning": false, "file": "loadgen.cc", "line_no": 429, "pid": 3905, "tid": 3905}}
:::MLLOG {"key": "logger_swap_request_slots_retry_count", "value": 0, "time_ms": 648746.605843, "namespace": "mlperf::logging", "event_type": "POINT_IN_TIME", "metadata": {"is_error": false, "is_warning": false, "file": "logging.cc", "line_no": 902, "pid": 3905, "tid": 3905}}
:::MLLOG {"key": "logger_swap_request_slots_retry_retry_count", "value": 0, "time_ms": 648746.605843, "namespace": "mlperf::logging", "event_type": "POINT_IN_TIME", "metadata": {"is_error": false, "is_warning": false, "file": "logging.cc", "line_no": 904, "pid": 3905, "tid": 3905}}
:::MLLOG {"key": "logger_swap_request_slots_retry_reencounter_count", "value": 0, "time_ms": 648746.605843, "namespace": "mlperf::logging", "event_type": "POINT_IN_TIME", "metadata": {"is_error": false, "is_warning": false, "file": "logging.cc", "line_no": 906, "pid": 3905, "tid": 3905}}
:::MLLOG {"key": "logger_start_reading_entries_retry_count", "value": 0, "time_ms": 648746.605843, "namespace": "mlperf::logging", "event_type": "POINT_IN_TIME", "metadata": {"is_error": false, "is_warning": false, "file": "logging.cc", "line_no": 908, "pid": 3905, "tid": 3905}}
:::MLLOG {"key": "logger_tls_total_log_cas_fail_count", "value": 0, "time_ms": 648746.605843, "namespace": "mlperf::logging", "event_type": "POINT_IN_TIME", "metadata": {"is_error": false, "is_warning": false, "file": "logging.cc", "line_no": 910, "pid": 3905, "tid": 3905}}
:::MLLOG {"key": "logger_tls_total_swap_buffers_slot_retry_count", "value": 0, "time_ms": 648746.605843, "namespace": "mlperf::logging", "event_type": "POINT_IN_TIME", "metadata": {"is_error": false, "is_warning": false, "file": "logging.cc", "line_no": 912, "pid": 3905, "tid": 3905}}
:::MLLOG {"key": "power_begin", "value": "07-31-2026 02:37:01.548", "time_ms": 648746.630085, "namespace": "mlperf::logging", "event_type": "POINT_IN_TIME", "metadata": {"is_error": false, "is_warning": false, "file": "loadgen.cc", "line_no": 562, "pid": 3905, "tid": 3905}}
:::MLLOG {"key": "power_end", "value": "07-31-2026 02:47:50.280", "time_ms": 648746.630085, "namespace": "mlperf::logging", "event_type": "POINT_IN_TIME", "metadata": {"is_error": false, "is_warning": false, "file": "loadgen.cc", "line_no": 564, "pid": 3905, "tid": 3905}}
