:::MLLOG {"key": "loadgen_version", "value": "6.0.8 @ NA", "time_ms": 0.006650, "namespace": "mlperf::logging", "event_type": "POINT_IN_TIME", "metadata": {"is_error": false, "is_warning": false, "file": "version.cc", "line_no": 53, "pid": 3471, "tid": 3471}}
:::MLLOG {"key": "loadgen_build_date_local", "value": "2026-01-28T17:27:25.150927", "time_ms": 0.006650, "namespace": "mlperf::logging", "event_type": "POINT_IN_TIME", "metadata": {"is_error": false, "is_warning": false, "file": "version.cc", "line_no": 55, "pid": 3471, "tid": 3471}}
:::MLLOG {"key": "loadgen_build_date_utc", "value": "2026-01-28T17:27:25.150938", "time_ms": 0.006650, "namespace": "mlperf::logging", "event_type": "POINT_IN_TIME", "metadata": {"is_error": false, "is_warning": false, "file": "version.cc", "line_no": 56, "pid": 3471, "tid": 3471}}
:::MLLOG {"key": "loadgen_git_commit_date", "value": "NA", "time_ms": 0.006650, "namespace": "mlperf::logging", "event_type": "POINT_IN_TIME", "metadata": {"is_error": false, "is_warning": false, "file": "version.cc", "line_no": 57, "pid": 3471, "tid": 3471}}
:::MLLOG {"key": "loadgen_git_log_message", "value": "NA", "time_ms": 0.006650, "namespace": "mlperf::logging", "event_type": "POINT_IN_TIME", "metadata": {"is_error": false, "is_warning": false, "file": "version.cc", "line_no": 58, "pid": 3471, "tid": 3471}}
:::MLLOG {"key": "loadgen_git_status_message", "value": "NA", "time_ms": 0.006650, "namespace": "mlperf::logging", "event_type": "POINT_IN_TIME", "metadata": {"is_error": false, "is_warning": false, "file": "version.cc", "line_no": 60, "pid": 3471, "tid": 3471}}
:::MLLOG {"key": "loadgen_file_sha1", "value": {"/.clang-format":"012aad77e5206c89d50718c46c119d1f3cb056b2","/CMakeLists.txt":"a8ebd64f62d0349aeedbe3295d833ebdce625c2e","/MANIFEST.in":"ddeb472d62edf2920db1f8fa3beebe3e831557f1","/README.md":"e850133bdbbfa62c84bc05a7358114d8996e0530","/README_BUILD.md":"a7e4fcdb5572fa084dcb084f1b4cb658b4b7f38f","/README_FAQ.md":"01f9ae9887f50bc030dc6107e740f40c43ca388f","/VERSION.txt":"5dd75089b83bf295c2759409788baab1020a9f63","/__init__.py":"d013101621ef06a0ddc5e7d9ce511918a8b2ebe6","/bindings/c_api.cc":"14d178b64c7fc45d090e038c08d9b78ca943c383","/bindings/c_api.h":"23d9f99e00b2d196e095fae0bb453a391c18d601","/bindings/python_api.cc":"90e9c362d9c0e3fdb7d9fad70b34227d7b70f205","/diagram_network_submission.png":"53dba8ad4272190ceb6335c12fd25e53dc02a8cb","/diagram_submission.png":"84c2f79309b237cef652aef6a187ba8e875a3952","/early_stopping.cc":"0cd7b546a389deac73f7955cd39255ed76557d62","/early_stopping.h":"158fcae6a5f47e82150d6416fa1f7bcef37e77fe","/issue_query_controller.cc":"02fcfe6d9cf958eeb4b6f1f4dbe87ba7eb4d7dec","/issue_query_controller.h":"ed20934fd3507a15949d501ac154be38e766f6ab","/loadgen.cc":"86bc3765857092b9d1f380604b101c771679842a","/loadgen.h":"ce9fcb5d44951e7e9048a83b7c1a41c8b8e0f7d8","/loadgen_integration_diagram.svg":"47f748307536f80cfc606947b440dd732afc2637","/logging.cc":"49e63158ebca654fa4b7c5f3321054cf4d6c3a30","/logging.h":"2102c91dedbaa156beadf0cecc63d2f43a2bd7dd","/mlperf.conf":"5fcc072b4230dd37e42315e9740413f765b711a0","/mlperf_conf.h":"51e73f5143b603af1a0ddb499bc07a7a87da0707","/pyproject.toml":"712fab87b72ba67ef2a068d0f9f47da65130342f","/query_dispatch_library.h":"1f18e9cd3ee4dc89a387cf462de1d0ceb1ece975","/query_sample.h":"c4f399103bc3d172079bbd4cd2b0ca0f22eebc4f","/query_sample_library.h":"8323a2225be1dff31f08ecc86b76eb3de06568bc","/requirements.txt":"a5ff7e77caa6e9e22ada90f0de0c865c987bf167","/results.cc":"fde4e173d3ec8461dd439ff0d8e605b52c4becf5","/results.h":"fce22d5a588d91fd968a6b25c27896dba87bc276","/setup.py":"8dd48aeee1f0cdb30e27d53033bad4989ea11489","/system_under_test.h":"18d4809589dae33317d88d9beeb5491a6e1ccdec","/test_settings.h":"088be02e337dd5610a991e8beac38cfb0fe49d3a","/test_settings_internal.cc":"1e6b962f1e22450b3e0ced24292230c64d23e20a","/test_settings_internal.h":"711a06cde66a3b817556ce3ca05b62ca163220c6","/utils.cc":"3df8fdabf6eaea4697cf25d1dcb89cae88e36efd","/utils.h":"40775e32d619ea6356826ae5ea4174c7911f6894","/version.cc":"cbec2a5f98f9786c8c3d8b06b3d12df0b6550fa0","/version.h":"9d574baa64424e9c708fcfedd3dbb0b518a65fcc","/version_generator.py":"9f23d13276194588473120a8a6ecf5a6ed034a23"}, "time_ms": 0.006650, "namespace": "mlperf::logging", "event_type": "POINT_IN_TIME", "metadata": {"is_error": false, "is_warning": false, "file": "version.cc", "line_no": 67, "pid": 3471, "tid": 3471}}
:::MLLOG {"key": "test_datetime", "value": "2026-07-28T21:39:28Z", "time_ms": 0.021190, "namespace": "mlperf::logging", "event_type": "POINT_IN_TIME", "metadata": {"is_error": false, "is_warning": false, "file": "loadgen.cc", "line_no": 1211, "pid": 3471, "tid": 3471}}
:::MLLOG {"key": "sut_name", "value": "PySUT", "time_ms": 0.021190, "namespace": "mlperf::logging", "event_type": "POINT_IN_TIME", "metadata": {"is_error": false, "is_warning": false, "file": "loadgen.cc", "line_no": 1212, "pid": 3471, "tid": 3471}}
:::MLLOG {"key": "get_sut_name_duration_ns", "value": 490, "time_ms": 0.021190, "namespace": "mlperf::logging", "event_type": "POINT_IN_TIME", "metadata": {"is_error": false, "is_warning": false, "file": "loadgen.cc", "line_no": 1213, "pid": 3471, "tid": 3471}}
:::MLLOG {"key": "qsl_name", "value": "PyQSL", "time_ms": 0.021190, "namespace": "mlperf::logging", "event_type": "POINT_IN_TIME", "metadata": {"is_error": false, "is_warning": false, "file": "loadgen.cc", "line_no": 1214, "pid": 3471, "tid": 3471}}
:::MLLOG {"key": "qsl_reported_total_count", "value": 6396, "time_ms": 0.021190, "namespace": "mlperf::logging", "event_type": "POINT_IN_TIME", "metadata": {"is_error": false, "is_warning": false, "file": "loadgen.cc", "line_no": 1215, "pid": 3471, "tid": 3471}}
:::MLLOG {"key": "qsl_reported_performance_count", "value": 6396, "time_ms": 0.021190, "namespace": "mlperf::logging", "event_type": "POINT_IN_TIME", "metadata": {"is_error": false, "is_warning": false, "file": "loadgen.cc", "line_no": 1216, "pid": 3471, "tid": 3471}}
:::MLLOG {"key": "requested_scenario", "value": "Offline", "time_ms": 0.027849, "namespace": "mlperf::logging", "event_type": "POINT_IN_TIME", "metadata": {"is_error": false, "is_warning": false, "file": "test_settings_internal.cc", "line_no": 278, "pid": 3471, "tid": 3471}}
:::MLLOG {"key": "requested_test_mode", "value": "PerformanceOnly", "time_ms": 0.027849, "namespace": "mlperf::logging", "event_type": "POINT_IN_TIME", "metadata": {"is_error": false, "is_warning": false, "file": "test_settings_internal.cc", "line_no": 279, "pid": 3471, "tid": 3471}}
:::MLLOG {"key": "requested_offline_expected_qps", "value": 18, "time_ms": 0.027849, "namespace": "mlperf::logging", "event_type": "POINT_IN_TIME", "metadata": {"is_error": false, "is_warning": false, "file": "test_settings_internal.cc", "line_no": 316, "pid": 3471, "tid": 3471}}
:::MLLOG {"key": "requested_min_duration_ms", "value": 600000, "time_ms": 0.027849, "namespace": "mlperf::logging", "event_type": "POINT_IN_TIME", "metadata": {"is_error": false, "is_warning": false, "file": "test_settings_internal.cc", "line_no": 322, "pid": 3471, "tid": 3471}}
:::MLLOG {"key": "requested_max_duration_ms", "value": 0, "time_ms": 0.027849, "namespace": "mlperf::logging", "event_type": "POINT_IN_TIME", "metadata": {"is_error": false, "is_warning": false, "file": "test_settings_internal.cc", "line_no": 323, "pid": 3471, "tid": 3471}}
:::MLLOG {"key": "requested_min_query_count", "value": 6396, "time_ms": 0.027849, "namespace": "mlperf::logging", "event_type": "POINT_IN_TIME", "metadata": {"is_error": false, "is_warning": false, "file": "test_settings_internal.cc", "line_no": 324, "pid": 3471, "tid": 3471}}
:::MLLOG {"key": "requested_max_query_count", "value": 0, "time_ms": 0.027849, "namespace": "mlperf::logging", "event_type": "POINT_IN_TIME", "metadata": {"is_error": false, "is_warning": false, "file": "test_settings_internal.cc", "line_no": 325, "pid": 3471, "tid": 3471}}
:::MLLOG {"key": "requested_qsl_rng_seed", "value": 2085463073848966840, "time_ms": 0.027849, "namespace": "mlperf::logging", "event_type": "POINT_IN_TIME", "metadata": {"is_error": false, "is_warning": false, "file": "test_settings_internal.cc", "line_no": 326, "pid": 3471, "tid": 3471}}
:::MLLOG {"key": "requested_sample_index_rng_seed", "value": 2747215439041700203, "time_ms": 0.027849, "namespace": "mlperf::logging", "event_type": "POINT_IN_TIME", "metadata": {"is_error": false, "is_warning": false, "file": "test_settings_internal.cc", "line_no": 327, "pid": 3471, "tid": 3471}}
:::MLLOG {"key": "requested_schedule_rng_seed", "value": 16159082839903944936, "time_ms": 0.027849, "namespace": "mlperf::logging", "event_type": "POINT_IN_TIME", "metadata": {"is_error": false, "is_warning": false, "file": "test_settings_internal.cc", "line_no": 329, "pid": 3471, "tid": 3471}}
:::MLLOG {"key": "requested_accuracy_log_rng_seed", "value": 0, "time_ms": 0.027849, "namespace": "mlperf::logging", "event_type": "POINT_IN_TIME", "metadata": {"is_error": false, "is_warning": false, "file": "test_settings_internal.cc", "line_no": 330, "pid": 3471, "tid": 3471}}
:::MLLOG {"key": "requested_accuracy_log_probability", "value": 0, "time_ms": 0.027849, "namespace": "mlperf::logging", "event_type": "POINT_IN_TIME", "metadata": {"is_error": false, "is_warning": false, "file": "test_settings_internal.cc", "line_no": 332, "pid": 3471, "tid": 3471}}
:::MLLOG {"key": "requested_accuracy_log_sampling_target", "value": 0, "time_ms": 0.027849, "namespace": "mlperf::logging", "event_type": "POINT_IN_TIME", "metadata": {"is_error": false, "is_warning": false, "file": "test_settings_internal.cc", "line_no": 334, "pid": 3471, "tid": 3471}}
:::MLLOG {"key": "requested_print_timestamps", "value": false, "time_ms": 0.027849, "namespace": "mlperf::logging", "event_type": "POINT_IN_TIME", "metadata": {"is_error": false, "is_warning": false, "file": "test_settings_internal.cc", "line_no": 336, "pid": 3471, "tid": 3471}}
:::MLLOG {"key": "requested_performance_issue_unique", "value": false, "time_ms": 0.027849, "namespace": "mlperf::logging", "event_type": "POINT_IN_TIME", "metadata": {"is_error": false, "is_warning": false, "file": "test_settings_internal.cc", "line_no": 337, "pid": 3471, "tid": 3471}}
:::MLLOG {"key": "requested_performance_issue_same", "value": false, "time_ms": 0.027849, "namespace": "mlperf::logging", "event_type": "POINT_IN_TIME", "metadata": {"is_error": false, "is_warning": false, "file": "test_settings_internal.cc", "line_no": 339, "pid": 3471, "tid": 3471}}
:::MLLOG {"key": "requested_performance_issue_same_index", "value": 0, "time_ms": 0.027849, "namespace": "mlperf::logging", "event_type": "POINT_IN_TIME", "metadata": {"is_error": false, "is_warning": false, "file": "test_settings_internal.cc", "line_no": 341, "pid": 3471, "tid": 3471}}
:::MLLOG {"key": "requested_performance_sample_count_override", "value": 6396, "time_ms": 0.027849, "namespace": "mlperf::logging", "event_type": "POINT_IN_TIME", "metadata": {"is_error": false, "is_warning": false, "file": "test_settings_internal.cc", "line_no": 343, "pid": 3471, "tid": 3471}}
:::MLLOG {"key": "requested_accuracy_sample_count_override", "value": 4395, "time_ms": 0.027849, "namespace": "mlperf::logging", "event_type": "POINT_IN_TIME", "metadata": {"is_error": false, "is_warning": false, "file": "test_settings_internal.cc", "line_no": 345, "pid": 3471, "tid": 3471}}
:::MLLOG {"key": "requested_sample_concatenate_permutation", "value": true, "time_ms": 0.027849, "namespace": "mlperf::logging", "event_type": "POINT_IN_TIME", "metadata": {"is_error": false, "is_warning": false, "file": "test_settings_internal.cc", "line_no": 347, "pid": 3471, "tid": 3471}}
:::MLLOG {"key": "requested_use_token_latencies", "value": true, "time_ms": 0.027849, "namespace": "mlperf::logging", "event_type": "POINT_IN_TIME", "metadata": {"is_error": false, "is_warning": false, "file": "test_settings_internal.cc", "line_no": 351, "pid": 3471, "tid": 3471}}
:::MLLOG {"key": "effective_scenario", "value": "Offline", "time_ms": 0.028049, "namespace": "mlperf::logging", "event_type": "POINT_IN_TIME", "metadata": {"is_error": false, "is_warning": false, "file": "test_settings_internal.cc", "line_no": 428, "pid": 3471, "tid": 3471}}
:::MLLOG {"key": "effective_test_mode", "value": "PerformanceOnly", "time_ms": 0.028049, "namespace": "mlperf::logging", "event_type": "POINT_IN_TIME", "metadata": {"is_error": false, "is_warning": false, "file": "test_settings_internal.cc", "line_no": 429, "pid": 3471, "tid": 3471}}
:::MLLOG {"key": "effective_samples_per_query", "value": 11880, "time_ms": 0.028049, "namespace": "mlperf::logging", "event_type": "POINT_IN_TIME", "metadata": {"is_error": false, "is_warning": false, "file": "test_settings_internal.cc", "line_no": 431, "pid": 3471, "tid": 3471}}
:::MLLOG {"key": "effective_target_qps", "value": 18, "time_ms": 0.028049, "namespace": "mlperf::logging", "event_type": "POINT_IN_TIME", "metadata": {"is_error": false, "is_warning": false, "file": "test_settings_internal.cc", "line_no": 432, "pid": 3471, "tid": 3471}}
:::MLLOG {"key": "effective_target_latency_ns", "value": 0, "time_ms": 0.028049, "namespace": "mlperf::logging", "event_type": "POINT_IN_TIME", "metadata": {"is_error": false, "is_warning": false, "file": "test_settings_internal.cc", "line_no": 433, "pid": 3471, "tid": 3471}}
:::MLLOG {"key": "effective_target_latency_percentile", "value": 0.99, "time_ms": 0.028049, "namespace": "mlperf::logging", "event_type": "POINT_IN_TIME", "metadata": {"is_error": false, "is_warning": false, "file": "test_settings_internal.cc", "line_no": 434, "pid": 3471, "tid": 3471}}
:::MLLOG {"key": "effective_max_async_queries", "value": 1, "time_ms": 0.028049, "namespace": "mlperf::logging", "event_type": "POINT_IN_TIME", "metadata": {"is_error": false, "is_warning": false, "file": "test_settings_internal.cc", "line_no": 436, "pid": 3471, "tid": 3471}}
:::MLLOG {"key": "effective_target_duration_ms", "value": 0, "time_ms": 0.028049, "namespace": "mlperf::logging", "event_type": "POINT_IN_TIME", "metadata": {"is_error": false, "is_warning": false, "file": "test_settings_internal.cc", "line_no": 437, "pid": 3471, "tid": 3471}}
:::MLLOG {"key": "effective_min_duration_ms", "value": 600000, "time_ms": 0.028049, "namespace": "mlperf::logging", "event_type": "POINT_IN_TIME", "metadata": {"is_error": false, "is_warning": false, "file": "test_settings_internal.cc", "line_no": 439, "pid": 3471, "tid": 3471}}
:::MLLOG {"key": "effective_max_duration_ms", "value": 0, "time_ms": 0.028049, "namespace": "mlperf::logging", "event_type": "POINT_IN_TIME", "metadata": {"is_error": false, "is_warning": false, "file": "test_settings_internal.cc", "line_no": 440, "pid": 3471, "tid": 3471}}
:::MLLOG {"key": "effective_min_query_count", "value": 1, "time_ms": 0.028049, "namespace": "mlperf::logging", "event_type": "POINT_IN_TIME", "metadata": {"is_error": false, "is_warning": false, "file": "test_settings_internal.cc", "line_no": 441, "pid": 3471, "tid": 3471}}
:::MLLOG {"key": "effective_max_query_count", "value": 0, "time_ms": 0.028049, "namespace": "mlperf::logging", "event_type": "POINT_IN_TIME", "metadata": {"is_error": false, "is_warning": false, "file": "test_settings_internal.cc", "line_no": 442, "pid": 3471, "tid": 3471}}
:::MLLOG {"key": "effective_min_sample_count", "value": 11880, "time_ms": 0.028049, "namespace": "mlperf::logging", "event_type": "POINT_IN_TIME", "metadata": {"is_error": false, "is_warning": false, "file": "test_settings_internal.cc", "line_no": 443, "pid": 3471, "tid": 3471}}
:::MLLOG {"key": "effective_qsl_rng_seed", "value": 2085463073848966840, "time_ms": 0.028049, "namespace": "mlperf::logging", "event_type": "POINT_IN_TIME", "metadata": {"is_error": false, "is_warning": false, "file": "test_settings_internal.cc", "line_no": 444, "pid": 3471, "tid": 3471}}
:::MLLOG {"key": "effective_sample_index_rng_seed", "value": 2747215439041700203, "time_ms": 0.028049, "namespace": "mlperf::logging", "event_type": "POINT_IN_TIME", "metadata": {"is_error": false, "is_warning": false, "file": "test_settings_internal.cc", "line_no": 445, "pid": 3471, "tid": 3471}}
:::MLLOG {"key": "effective_schedule_rng_seed", "value": 16159082839903944936, "time_ms": 0.028049, "namespace": "mlperf::logging", "event_type": "POINT_IN_TIME", "metadata": {"is_error": false, "is_warning": false, "file": "test_settings_internal.cc", "line_no": 447, "pid": 3471, "tid": 3471}}
:::MLLOG {"key": "effective_accuracy_log_rng_seed", "value": 0, "time_ms": 0.028049, "namespace": "mlperf::logging", "event_type": "POINT_IN_TIME", "metadata": {"is_error": false, "is_warning": false, "file": "test_settings_internal.cc", "line_no": 448, "pid": 3471, "tid": 3471}}
:::MLLOG {"key": "effective_accuracy_log_probability", "value": 0, "time_ms": 0.028049, "namespace": "mlperf::logging", "event_type": "POINT_IN_TIME", "metadata": {"is_error": false, "is_warning": false, "file": "test_settings_internal.cc", "line_no": 450, "pid": 3471, "tid": 3471}}
:::MLLOG {"key": "effective_accuracy_log_sampling_target", "value": 0, "time_ms": 0.028049, "namespace": "mlperf::logging", "event_type": "POINT_IN_TIME", "metadata": {"is_error": false, "is_warning": false, "file": "test_settings_internal.cc", "line_no": 452, "pid": 3471, "tid": 3471}}
:::MLLOG {"key": "effective_print_timestamps", "value": false, "time_ms": 0.028049, "namespace": "mlperf::logging", "event_type": "POINT_IN_TIME", "metadata": {"is_error": false, "is_warning": false, "file": "test_settings_internal.cc", "line_no": 454, "pid": 3471, "tid": 3471}}
:::MLLOG {"key": "effective_performance_issue_unique", "value": false, "time_ms": 0.028049, "namespace": "mlperf::logging", "event_type": "POINT_IN_TIME", "metadata": {"is_error": false, "is_warning": false, "file": "test_settings_internal.cc", "line_no": 455, "pid": 3471, "tid": 3471}}
:::MLLOG {"key": "effective_performance_issue_same", "value": false, "time_ms": 0.028049, "namespace": "mlperf::logging", "event_type": "POINT_IN_TIME", "metadata": {"is_error": false, "is_warning": false, "file": "test_settings_internal.cc", "line_no": 457, "pid": 3471, "tid": 3471}}
:::MLLOG {"key": "effective_performance_issue_same_index", "value": 0, "time_ms": 0.028049, "namespace": "mlperf::logging", "event_type": "POINT_IN_TIME", "metadata": {"is_error": false, "is_warning": false, "file": "test_settings_internal.cc", "line_no": 459, "pid": 3471, "tid": 3471}}
:::MLLOG {"key": "effective_performance_sample_count", "value": 6396, "time_ms": 0.028049, "namespace": "mlperf::logging", "event_type": "POINT_IN_TIME", "metadata": {"is_error": false, "is_warning": false, "file": "test_settings_internal.cc", "line_no": 461, "pid": 3471, "tid": 3471}}
:::MLLOG {"key": "effective_accuracy_sample_count", "value": 4395, "time_ms": 0.028049, "namespace": "mlperf::logging", "event_type": "POINT_IN_TIME", "metadata": {"is_error": false, "is_warning": false, "file": "test_settings_internal.cc", "line_no": 463, "pid": 3471, "tid": 3471}}
:::MLLOG {"key": "effective_sample_concatenate_permutation", "value": true, "time_ms": 0.028049, "namespace": "mlperf::logging", "event_type": "POINT_IN_TIME", "metadata": {"is_error": false, "is_warning": false, "file": "test_settings_internal.cc", "line_no": 465, "pid": 3471, "tid": 3471}}
:::MLLOG {"key": "generic_message", "value": "Starting performance mode", "time_ms": 0.032919, "namespace": "mlperf::logging", "event_type": "POINT_IN_TIME", "metadata": {"is_error": false, "is_warning": false, "file": "loadgen.cc", "line_no": 848, "pid": 3471, "tid": 3471}}
:::MLLOG {"key": "loaded_qsl_set", "value": [5402,3543,5762,2589,4542,4276,1875,4940,1034,882,910,5337,1713,4459,4926,478,6351,3146,2586,372,3849,5591,3567,3921,2269,6097,2380,107,5391,1156,3327,5974,1202,1790,4358,3241,3527,173,242,4807,2637,975,3776,39,1253,3296,306,4520,170,2863,5082,3832,3842,4432,4521,768,3975,2817,3693,3661,3353,4623,1180,2977,2258,3863,253,6217,5688,5208,4021,5835,3774,5495,720,2824,1354,6210,2045,5958,733,5790,2270,3396,5900,5928,581,2450,6392,1369,3885,1074,1695,3476,4151,3611,3613,3624,3735,340,1199,3712,3290,1936,4429,5049,2730,2670,5996,1979,3293,5557,6195,2610,4973,1176,2439,1576,6125,3320,4799,4115,6112,2291,20,1580,1974,5497,1861,1515,3493,439,5013,5514,3979,5782,571,1255,495,3271,3560,2292,3314,6176,3993,1529,810,3955,3968,2337,3990,5320,3106,4451,3945,5680,5123,2781,1422,5462,5855,2575,3635,4708,905,726,2240,198,5255,2710,4384,2262,574,6068,4386,3855,4601,3728,5172,4531,3015,4697,4152,3030,6295,4954,6171,132,5,5595,2880,4224,1795,6236,4999,2382,1044,988,1182,4994,2334,2047,2061,5660,1905,3286,1317,5731,3816,944,5340,3464,6126,4659,1557,5682,323,4398,5070,4663,2947,3328,6345,4296,5343,4530,5348,2050,205,1057,5077,1904,4341,4370,3386,1771,845,145,3860,2831,3853,4182,6374,3360,2139,1450,858,3029,2350,6183,3330,564,229,829,5742,4405,1473,2875,5732,4458,1259,897,1236,5191,1154,4035,833,1067,1922,2103,263,1135,2452,5967,948,2032,2319,4923,943,2455,2997,4719,6139,5356,1026,3556,2059,3251,2838,5875,3473,969,2707,2191,1266,3553,2926,2478,4596,53,764,393,1871,1312,5932,2487,5415,1756,1208,2228,2005,5654,5333,608,2137,3194,5564,3880,6220,4816,856,6074,4312,5380,3059,6091,1777,5347,5035,2642,442,438,2960,4445,4082,2993,4052,1675,1964,5841,5675,4597,596,966,62,4323,5933,6222,577,4789,2314,5328,6041,6238,2353,3297,3897,2579,5492,1452,3185,594,5506,3087,4716,2814,1371,5723,5114,2424,1906,3212,1857,3910,6301,1233,6242,5257,5101,4187,6018,3234,1299,6168,5947,2988,5259,2910,3376,1330,5702,4090,4914,817,2003,5227,1250,3646,2117,207,5814,129,5737,4363,5714,2142,5151,4118,91,2534,4032,2316,5828,3821,593,6375,5594,5103,128,2122,2818,3804,6371,4499,3068,3101,3724,278,2798,4435,5327,576,4704,6160,6129,4790,3868,847,4752,4936,1686,122,4038,5977,6170,2214,4669,4950,3198,5084,5011,3193,4578,4228,5125,4749,2189,3504,4314,5584,4463,3761,5689,2114,5585,6198,4825,3531,1308,900,6088,6214,33,2411,652,5442,6076,1656,4233,2273,2847,5984,961,3681,4219,5566,706,2714,2563,4758,1051,2628,2464,1349,5899,4349,3141,6346,3518,3498,2183,5516,5139,4654,3046,2147,6202,3091,1584,4347,5490,687,3223,4890,359,3398,5233,1776,5720,4859,6118,4848,4257,169,2295,1746,385,3539,4013,1917,5651,5784,2902,5815,5798,4506,4911,1697,44,4903,4846,3038,3976,5277,1340,2159,591,3395,3229,2080,5598,4394,2079,1256,5329,1482,1827,1533,1232,3340,2109,3564,568,6095,2627,2303,144,3452,4602,1521,177,545,5856,1902,254,6078,584,5540,191,4064,2092,2541,583,5290,4731,303,5773,6373,5613,5459,2858,1992,873,4222,3122,127,5573,5567,4127,5871,6353,1873,3596,4620,374,2260,3680,2346,2405,3875,1731,3321,4686,1889,820,3471,1613,1306,1953,3150,3291,4135,2715,4221,4757,3834,3887,5350,4667,5456,2206,5987,5240,2416,3715,2629,5303,1492,259,1185,2304,1657,2657,2914,2430,2136,3110,3490,6263,6390,4563,3939,1920,2091,2588,324,3719,2441,1655,5679,826,5133,2928,2980,3864,2220,5968,1986,6249,3317,5014,1812,6272,2692,1404,921,2559,4604,2574,4247,5137,4042,922,1642,5016,3135,5744,5106,3901,4374,2098,2968,3540,522,1943,4000,792,5826,6244,848,1410,4865,6145,1623,1274,6343,5797,55,3019,2743,6028,2188,27,2057,5385,4431,1218,2238,5366,6161,655,4230,1721,471,4993,1365,4793,1564,784,448,1102,375,5847,3876,2,5808,598,2307,4214,2828,4953,5109,3749,4318,6132,1621,632,532,763,3195,1543,4979,4248,3446,4512,5563,2466,4819,2599,4560,6286,5048,109,5293,143,5204,6131,4346,2342,4350,6025,6255,5100,1802,171,4450,5915,1280,1888,4682,5806,3953,5707,747,6137,1279,4672,642,4554,4992,74,2150,5836,2244,719,1624,507,1302,4959,5153,5317,2871,1336,398,1782,895,2149,4606,6337,2402,5090,2776,4660,4738,3650,4649,5890,5812,3780,3147,3812,879,2370,1421,1029,3124,182,4071,3367,588,3546,4586,5873,313,5446,6063,3767,3796,1409,1258,4956,746,3131,297,3460,6311,1750,1313,4246,2035,105,3192,5913,3224,4893,1897,506,3961,1425,3983,4829,4908,4225,1912,4786,1177,2351,6257,6256,1773,3884,1679,5547,1164,2972,1134,5771,3310,3954,5363,3061,3836,3688,5575,201,5300,4651,5379,3521,6384,1969,5939,3331,2734,1794,2518,979,1698,1169,3948,3127,5438,3226,4170,6258,5266,4456,585,3457,4160,4685,3713,382,2308,3431,4249,4297,5036,2805,2018,5832,3722,2021,1148,5569,2612,5264,6235,861,4044,2110,206,2471,3952,804,5993,5515,850,4812,514,6289,2758,1006,5833,262,3997,3363,5478,3326,3154,3996,5636,2084,5059,2513,2562,4448,2174,4852,2622,552,3408,1546,2460,192,4612,3604,2835,1638,1311,4480,1429,3758,1838,3940,3214,4853,2036,3009,1023,673,3763,4316,909,5065,4762,2964,5772,1405,1100,5813,1851,3603,4278,3,447,6264,556,3764,835,5263,1171,4957,3548,3573,300,1355,1749,3158,3253,3117,2332,1663,890,2396,3488,4216,827,907,6030,4199,4801,1483,5785,5752,729,4656,5158,674,1390,3479,1898,5140,5888,410,1126,4009,3911,318,1666,518,993,54,5587,1801,5887,3238,414,2399,3675,2320,5538,4619,284,3159,5270,4510,3472,513,5724,1414,2310,1364,2690,3917,5508,294,3176,538,2865,1485,677,4366,3882,3086,2526,2166,1867,3727,2735,1172,2954,6130,1152,1907,872,1554,4835,3676,666,1594,5398,1094,4045,3272,4167,1220,459,5879,2851,3794,2558,5279,5260,4879,63,767,6281,3918,5807,2019,3930,2261,2567,2631,3302,4714,4744,1318,3932,3377,65,964,3545,6156,5878,1344,1640,428,2992,2421,5678,4294,4913,6323,1325,2870,6186,5664,6306,3852,3467,1257,1170,664,3190,2165,1107,2144,3739,4673,2893,3631,3250,702,5521,2361,2732,4491,153,875,6154,226,1007,2447,4415,555,1420,3136,309,3838,1924,1197,1893,6273,413,3592,5998,2750,4889,3837,4418,505,4485,3093,5609,5357,6367,3361,6172,2056,4168,3657,2971,3962,1715,1597,4584,1061,6162,6104,3653,4034,572,3711,4629,3428,5295,4083,5058,1194,2882,2669,1856,5805,5625,682,83,5073,3469,1175,3507,2227,3200,3827,315,3919,711,5310,651,3775,292,2112,2848,2461,775,2764,2719,350,1300,3652,4,2252,328,3233,1324,6341,1088,3789,5507,976,3470,3532,2698,2564,4309,1886,1868,1925,5558,3828,1346,4430,3525,4209,1511,661,6149,1682,2248,5330,4129,5269,5920,4066,5979,4834,3544,5178,2434,4078,390,1512,4419,3421,4595,1874,4305,4470,5062,3610,5039,4025,640,1788,788,266,1634,3692,4683,3228,2639,2143,1350,1118,5530,4737,3920,557,4841,997,605,69,3465,5880,3062,4840,2435,4952,1145,3966,1814,1214,5215,76,4675,5499,2565,3151,2616,535,325,4525,5305,3563,1797,1824,5304,1329,2099,2604,898,4008,4590,4970,914,2912,4179,869,6004,5632,2746,5458,4226,1440,2223,78,5394,2674,3107,4870,5079,1665,3970,5637,5234,660,3858,5895,2812,415,641,3216,5223,165,6111,1520,862,3806,1727,4745,6045,3523,4855,2052,540,1608,3157,1881,4240,6072,622,3455,6169,3312,5254,3073,5372,4091,1704,1636,3602,159,4284,4211,1463,620,4556,1522,2168,2853,2387,5226,1849,1004,1523,476,6239,743,1442,4101,280,364,3275,4937,5180,4883,967,4733,4495,1545,2271,2996,604,6107,3506,195,2170,6134,3565,5863,3375,1949,1929,3025,4266,209,5331,1553,4010,4695,4830,559,894,1954,3325,616,2339,1086,1124,698,4037,3788,4523,5053,1651,2676,5298,4810,5635,1743,3186,6077,341,3191,5820,6310,5634,429,1276,5503,293,1927,3633,2860,5614,369,6117,1002,4991,5983,1928,950,6138,2810,5576,4244,3859,296,4917,4153,376,3716,2282,3126,6382,5633,1985,6055,5143,2981,1226,958,795,289,3634,1431,2381,2426,3950,4402,4019,4280,4681,2185,3170,298,189,4062,6327,2566,3388,1916,621,3065,394,1859,4577,489,13,2755,4122,5424,4887,4125,1356,3510,3533,4566,644,3040,4692,4270,2592,1098,2809,3089,1116,5460,3018,723,3112,5792,304,396,3704,1840,4443,256,5318,3677,5866,5911,3012,4324,4382,231,5658,5583,1963,1445,5975,3123,1759,5147,3090,3803,3497,4334,3959,2148,5217,4175,5352,100,6284,1138,4550,1243,2951,5355,6141,1178,1768,2539,1272,6213,896,1592,1407,4110,5500,6280,4201,1829,1579,3992,4972,3847,5748,3259,2484,3252,1351,2106,4876,618,3620,3373,1865,566,5543,93,2473,424,491,3857,5183,5562,842,5640,3974,3307,844,4417,3965,625,2523,3790,4367,140,703,5294,3351,5252,2107,2684,2549,380,634,3187,6031,1432,316,1216,4628,5560,3042,4569,485,5026,1018,1056,3427,4317,2846,1982,2481,5339,2826,4809,5883,5534,288,695,4680,6354,4693,1129,1174,4281,5400,1083,339,5421,1800,2702,6185,2040,3225,4931,1628,3808,1581,2041,5005,6165,4755,308,2906,3044,3067,5537,5990,1121,483,5774,211,2243,2649,4149,2278,5239,5470,1284,4632,4723,3526,1641,5242,5454,1567,4788,4986,972,5914,3924,4784,1762,4717,3145,3843,3628,813,5936,774,5273,3017,4777,4778,5681,6140,2104,3343,2073,1575,567,1366,2874,4291,3134,3572,3835,5434,361,606,1687,290,441,2410,3400,3231,3125,3963,4773,776,4878,295,6070,1735,5988,4678,984,5751,5665,2134,3683,973,3417,1403,6361,2124,4401,5491,5838,1694,147,3765,1015,4873,5276,381,791,3289,3144,4189,4192,5271,2065,3432,5115,1303,1269,2651,1059,1210,3651,2479,3332,6108,3984,168,4400,68,2094,6033,5876,3570,3871,1678,75,828,3782,1323,4075,5429,5532,1525,4198,3686,2296,1155,4087,3994,6360,5288,5699,4527,2160,116,3102,392,2086,4581,2128,6303,1361,3589,1012,2444,5631,4968,690,2615,4709,5138,5780,5843,1093,6266,735,3167,6206,502,2305,2365,5617,1549,130,2678,2340,3165,3404,3499,4811,2515,960,1711,3929,1600,64,1461,5753,1740,240,932,2046,553,4996,1816,2465,4570,2898,1860,1988,5949,2368,2538,4475,1780,3740,5882,2941,4022,1192,5008,2389,2125,384,4901,1399,4760,5116,6237,1496,1016,940,2721,1894,4565,4490,4796,4238,5580,2512,1680,4862,160,2129,5469,648,4823,2775,5004,5221,5683,4123,2983,5399,2051,741,2425,5603,4487,4464,3430,4048,2014,3825,517,1275,3385,427,2417,312,6208,4503,5326,1693,416,5549,5169,5222,548,2938,5121,4688,2385,6253,186,4311,6069,1995,4452,5179,1195,92,5991,5210,1451,4934,2008,5155,6190,5324,4061,6059,1381,6274,876,3989,4753,6248,3023,1810,405,5953,3807,1027,2661,1065,2813,1190,1864,1290,1319,1518,2070,4492,1382,2619,5885,2940,1285,4449,5182,5957,1502,4498,1,357,3729,5010,4307,2386,2620,3378,780,1965,2023,2691,488,537,6369,3552,5794,5864,272,2944,2777,3043,4060,3829,4891,1291,949,2392,516,4260,1996,3424,3909,1822,366,4904,4648,3183,6340,4425,1376,5245,4466,5597,3322,479,3482,2161,3227,2324,6101,1186,5908,6320,4204,5985,444,2010,6086,5201,3028,2767,1417,5670,2404,6388,1930,1228,3694,3536,3105,1726,3737,3173,4712,5112,902,6254,5659,2942,4536,4989,1528,1787,155,1071,99,4063,2437,1611,1752,6207,3614,2020,3517,871,6299,5561,2956,5865,2720,2543,5189,305,3425,3481,1820,3402,2001,1730,595,1821,1153,2118,358,2085,2082,5501,4700,2467,1941,4235,1572,877,2636,4076,3841,965,4379,5579,1219,2878,3450,1215,2489,1207,4467,2836,1113,5001,5906,779,1278,2658,4696,4946,2294,5166,210,935,6348,3287,2377,2595,2804,654,2267,3357,4269,2474,1252,6228,1393,5102,3766,3736,5218,3468,1637,1585,187,2925,2152,1476,1268,4657,3458,6245,1434,3701,5736,1882,1200,2999,3052,5236,2215,830,2770,5673,1396,1144,4965,2811,3732,4826,5386,1719,3951,3575,2328,870,2372,125,3748,939,4671,4267,4395,6115,5862,3903,4613,362,3204,5111,4144,5248,5181,3579,3720,5432,1080,1149,3079,2832,4938,5646,4670,2787,2550,2688,6261,5643,3104,4162,3111,5229,4069,1415,5212,3744,3137,2357,4254,5127,2173,2483,1684,2790,1234,407,4988,1658,672,4713,3379,3050,161,5941,4292,131,1301,496,995,15,1271,4469,3318,3814,2507,2115,373,4169,450,311,4322,2133,1602,4245,3206,1099,258,217,1460,6005,3874,5351,692,4261,5966,4710,4277,3773,3072,6094,815,4668,1225,4283,6335,498,4348,4919,5122,662,5098,3057,2078,3368,3338,4534,656,3986,4331,47,2660,2499,178,4488,3295,1692,4541,649,4147,2422,6342,3550,3689,6366,759,2095,480,635,3935,3222,3243,2459,3348,214,2854,2643,5487,1803,1397,6128,4454,725,3393,650,3411,778,6062,3947,3401,5207,4325,4377,2987,2930,2371,5904,6338,5354,4674,1017,4874,613,2025,977,3128,1163,5638,139,2440,5095,5316,4372,6048,5749,3627,2419,1447,1488,123,5700,4174,1077,4437,544,3785,5076,43,936,5961,5067,3830,3615,3797,2089,928,2786,5195,1566,5695,2761,4320,4690,4413,1212,4455,1187,95,4227,4012,3232,3805,2744,6197,5755,2500,2182,4268,5414,4645,1196,61,2554,4482,5287,2335,3267,4842,1724,533,3334,4177,1903,2967,3329,3933,5395,787,6334,5040,5235,2634,1880,1845,3161,3162,1899,5684,3792,3844,2409,1625,5510,5043,737,1599,5015,2375,6300,6204,4422,6219,1784,1038,1092,5064,6336,2331,4210,705,4239,2697,3210,6287,2221,846,2198,1316,4886,5405,6019,1478,658,60,938,5857,4131,1471,2630,1165,2548,1734,3999,1375,3069,5038,3505,947,3097,5387,4428,124,411,486,1915,4513,3730,3753,4515,3244,5281,2680,36,412,3637,4340,878,3585,264,4925,4385,3781,4909,4100,6123,748,5224,1035,5163,5861,1890,4029,987,3213,5504,32,886,1000,3799,4330,4882,3258,5105,487,956,1786,906,4642,6035,5390,2200,2843,3648,5475,5851,2580,3734,1089,6260,1070,1262,5202,6317,4092,3026,1464,5418,4088,5726,1495,2341,3070,4906,5199,5213,769,4338,5921,3606,4966,1245,3119,5149,908,2886,4036,5615,3071,3355,154,1535,2937,188,2116,3459,5291,1387,821,73,6262,1708,1091,4803,547,1978,1314,536,3503,3475,112,3678,4086,669,4982,3413,4977,5389,5586,5353,4166,1151,4327,1342,2400,3480,2685,770,3581,2379,3080,1627,5361,974,2293,5286,5452,1224,2011,1025,6155,3399,1984,445,3218,832,2716,492,3878,5012,5525,3522,5943,5022,1013,2687,1367,5336,4792,6268,3129,2300,1441,3315,271,1577,3851,3934,452,5280,5764,1736,474,1556,6224,1908,2895,1683,4573,4984,5950,5297,4990,468,4797,5085,4119,5496,2904,2656,916,6221,3988,6368,1106,1481,4974,5209,5803,3588,4161,3972,1770,5706,4652,2279,3461,2855,4279,2884,4746,3336,5307,5997,1087,2090,617,3345,4828,4065,2600,1119,2394,5216,825,915,113,4951,704,2830,911,543,166,4362,2472,2119,5335,2748,4143,5253,3892,5765,5345,6016,18,2821,1769,2801,1519,3438,1817,2102,3354,2899,913,4217,3640,3750,49,4462,3333,3208,1391,4725,5526,4368,657,3746,2872,3370,5555,333,1104,1347,3394,1062,6251,1455,749,1524,3891,2470,114,2141,5401,6116,1689,1436,1412,2251,5364,4381,647,2232,5141,5791,3037,2378,5457,4493,757,903,3511,1309,1835,4614,765,4357,2108,4453,3020,2504,1617,1779,3095,1142,1980,2349,5845,1561,3495,5872,6252,4159,4514,5332,3035,2397,3770,5778,4593,5476,2918,1003,4662,2506,1131,3666,5976,1896,1526,353,6250,5969,2885,5907,1401,4203,4727,5029,5412,887,807,4736,4376,4184,4845,2175,874,4689,6321,4105,4655,326,3869,28,4603,6276,111,3237,3622,3848,715,3605,2329,6164,2868,3027,2975,1010,701,4995,2016,4142,2024,1072,5535,5117,1438,5165,2792,48,738,1763,2949,1539,3798,3280,5423,1109,1263,2689,1818,5618,2391,371,4194,4942,4107,1610,2383,1157,2754,3751,1548,4027,408,4730,623,2317,814,6226,493,5097,5334,3285,2155,4056,6316,38,5956,3673,16,5648,2682,1506,3429,2532,2301,2154,3347,3100,4049,35,5627,3175,4054,1633,3743,2701,1248,4980,2827,4197,6089,3850,678,5767,1700,5523,4864,2390,5371,1418,2606,684,5231,1400,2976,2795,1983,4262,2311,2919,3076,3416,884,5859,3313,5910,1834,2343,1738,5306,2533,4465,1728,5230,1111,2055,2921,2477,6152,2493,327,4104,1021,6012,5612,3437,2066,4771,1516,785,4310,2096,4722,4173,3943,102,2281,3246,1725,912,5546,1570,853,3908,4600,1444,3236,970,6021,4822,4047,2453,5050,1955,2673,1551,2071,3389,4369,3710,310,4715,4664,6259,3309,2486,781,1141,5323,4080,700,2866,6231,1097,2322,639,4232,6150,3205,1507,611,3514,5520,174,5801,558,2457,1201,383,183,3786,2012,243,2973,5628,257,5092,4707,3820,6282,6319,3260,551,2245,3985,981,1297,1778,3350,1380,6347,3977,5653,681,5740,1934,2369,4827,3436,3574,2905,1352,1527,5484,1607,1338,1878,4404,2626,1430,1836,4748,2984,1448,5905,3768,104,3426,40,3257,4798,1130,4782,6180,5315,2412,261,3081,5854,1991,6096,6014,117,3114,5522,2192,4332,5596,5486,2704,4146,4434,3011,2576,1147,721,5130,4236,3558,5272,2415,2741,1858,1872,5150,6052,31,6147,3733,5972,5846,587,1997,996,4818,1321,3453,4630,2327,5868,2577,1191,461,2802,3174,4108,3931,565,680,431,5690,1167,1064,5249,2923,3690,227,3674,4524,5017,3489,941,4806,4728,152,1047,4854,4486,2624,6142,4787,3508,4077,4014,4426,2662,3696,399,6307,5942,4548,6322,1052,2234,2081,4218,5030,5373,5750,377,5722,1032,235,4861,4158,6194,2738,5710,745,4927,3899,5881,5704,4285,3697,5161,2288,4015,1892,1282,1644,5758,4735,5687,3092,5220,3392,2793,4821,172,5474,5410,1419,4924,2224,5938,520,2757,626,4866,3189,432,3337,1413,5246,4460,208,1328,2255,4580,3577,5054,3969,2007,4888,5433,4190,5739,3007,579,3418,3268,5338,1754,5796,3130,3898,6376,460,2583,1714,4114,5444,5128,5901,6332,241,3381,4306,1128,1477,4351,1671,796,5367,119,2132,5925,1205,5450,839,5877,500,4589,1211,1193,3893,679,857,3305,190,1887,2891,4574,2958,4915,3867,4051,4046,4020,1626,3660,2414,2791,5992,5892,4070,5827,1672,592,2505,5188,2074,244,5896,5344,1426,5848,4308,714,5652,2648,4356,1348,4850,5715,4406,3906,5630,2388,4945,252,5238,2547,6083,2407,5369,822,1508,2446,1334,37,2101,5593,3084,3905,1931,5341,2135,5849,175,4126,926,4958,2458,3559,2646,2420,3590,4768,5302,6193,2138,6143,4519,3594,4949,5810,5692,4824,3998,5464,4352,5435,6246,2100,5135,4772,2594,2352,5712,849,2527,5779,5830,330,4795,4615,437,6278,1487,6315,2845,2009,2031,2502,6053,5619,2603,3098,4399,4734,401,5513,3691,1950,3177,3800,3665,1919,1960,562,2298,852,5455,2806,4424,1424,236,1869,5203,1620,3356,2966,5711,86,1008,4978,5449,1648,2897,4658,3094,3088,1378,1326,3582,5551,1428,2760,193,5157,1876,1619,3547,3609,5860,5713,4817,4440,4802,3576,3861,71,2711,3568,2546,1673,3034,2063,4196,2497,3757,3941,270,4416,228,5447,1247,2725,6102,6184,1183,4483,945,4781,5718,5708,628,3115,2650,4568,3166,4343,631,2233,4005,1133,2263,1791,4871,2113,6305,4916,2162,267,2763,3872,2508,3423,1591,6294,1368,1076,6034,4186,3002,2076,5473,2469,320,4079,4407,1459,2429,4181,4540,5041,3632,4928,2731,3496,5952,3608,1223,4109,1589,2953,70,1937,728,663,6124,6174,3435,4902,3759,2909,4208,2609,1179,4998,1085,699,4016,1398,4213,1462,818,629,5531,329,88,4234,4743,120,4553,5381,2696,4535,2733,1286,51,4813,968,1870,2842,3960,2247,3512,4136,3541,1670,4185,4844,5727,2856,1935,2236,5509,3024,4933,1757,2476,1854,3839,2659,3138,4237,2794,5721,3245,6200,2531,1221,3956,5502,3099,5964,1947,2348,98,6283,1847,336,4634,5120,2158,1217,12,1386,5709,1048,417,5505,6182,3414,2903,6032,4106,5781,2979,4301,3201,5572,1203,3862,5093,4699,84,3854,3364,953,4293,4780,2013,2120,619,3902,1841,5965,5197,389,2022,4496,2890,2321,6006,3179,1921,2888,2151,3595,1593,4761,1503,2364,3120,4960,4964,4040,2326,501,1068,3049,167,2000,5060,1160,597,2140,5716,5406,4085,4582,5909,4941,2751,758,2723,2239,6105,5733,6389,2679,5404,1037,744,6331,6304,1653,5519,1443,176,1031,4494,2176,2529,2887,1998,5588,4138,563,354,2876,4043,2205,5853,2917,58,4764,570,1616,4661,978,1863,2986,5821,6054,4393,3717,1222,575,3178,156,5108,2323,4774,5667,2537,603,4337,391,1691,1273,865,4971,1230,2485,843,363,135,179,4231,837,4067,4985,6100,2747,2501,4505,2253,3420,2347,712,6179,2083,917,1649,5756,3492,724,5918,2246,2521,3645,6093,5211,5650,4253,2749,6003,3288,6146,6153,5661,766,5009,2585,1994,5071,3509,638,3180,1377,4910,5989,3261,2762,2042,4202,1110,3444,2297,5819,5241,4608,1078,149,4571,5309,2709,1108,185,1961,799,2285,1538,4031,5443,3265,5970,3663,4724,2445,637,4517,5184,6075,3013,3535,797,5185,1660,3936,3760,5066,823,4050,4489,3403,1315,1159,5431,1760,4765,2782,2002,467,951,5677,3172,5250,6324,2819,3199,2556,6277,2883,5034,6265,1737,1435,4258,1957,6232,6339,3971,1532,2778,1832,4511,4884,4286,1500,5565,3255,4304,274,2257,3022,4562,2373,4421,5725,2212,5734,1547,6136,3324,5944,3006,24,2841,4843,4074,1839,1112,2197,1571,3601,3598,3534,5024,3304,1239,2753,2029,302,1707,1877,6358,6191,4420,5577,2315,3549,2916,1456,5903,4103,4141,4783,142,3113,4808,4545,891,2209,2965,1813,1206,2936,962,527,3944,777,5789,2901,5524,1486,3048,1514,3445,6060,3916,355,6046,5439,3005,4666,4295,4779,627,2049,1848,3889,2037,5383,2614,1664,2739,3415,345,1596,5168,549,1261,2199,482,3578,2442,1079,5198,4171,3516,3643,4944,542,4967,2879,5313,3896,546,3341,6292,4624,3801,2641,6051,5422,5219,4241,6387,3636,3738,5995,5055,1590,1229,3149,2825,1568,321,4838,3456,3156,5481,2665,1345,3557,4592,151,197,2127,4543,5662,2569,3625,5299,6099,3051,348,3108,2157,3528,2840,5717,1281,3846,6175,4212,2336,307,2572,4176,1045,3474,3580,4002,5156,4094,786,4373,5451,3188,529,5003,794,525,5274,805,4549,901,6391,5645,4191,2026,6121,2171,4017,3301,3772,6011,4263,3987,3649,4718,4791,499,462,925,2028,80,2933,1498,762,1618,867,624,3133,5119,2788,4004,2934,194,406,2438,4329,245,937,771,718,2644,4479,5917,5174,2705,25,1244,5542,5232,2663,451,955,5746,5187,3562,2852,4206,3584,4814,531,4427,4028,1251,2797,800,3209,5902,334,3451,3524,5078,4639,1732,3991,5068,740,3912,3382,1041,6090,1606,2480,3982,1084,2213,3865,1497,5037,5087,3699,103,2769,1647,3644,1166,1468,3056,2443,1967,511,5225,5368,4026,4353,1944,5517,2963,4508,6329,4711,859,2862,5668,4072,6181,889,3219,2276,5940,2179,5927,2978,42,5397,3211,5377,1362,2211,2699,1453,3169,402,5258,3877,2571,4389,5396,4617,3384,5148,1122,3066,3995,2302,2216,1781,1645,2877,50,4298,2519,4981,2187,3220,4133,3569,3647,1358,3003,2935,4006,1479,6211,686,4518,5809,923,3153,4139,1331,5754,5314,676,4134,756,1717,580,1729,924,5134,1913,3221,239,1505,3082,3342,5831,5267,1614,1933,5986,5581,260,4423,299,2432,89,1465,1733,1720,1054,1891,81,2668,892,4920,2635,4102,5559,5445,2423,5413,3279,2359,2773,349,2924,773,3779,1703,5954,3709,3783,3491,5889,4837,2683,5945,2816,5590,5916,1783,2510,5437,3041,4636,3554,87,2943,5923,2064,2528,2677,5278,2190,4003,5886,5262,3058,854,6370,683,6196,6377,2433,4832,6205,6314,2759,5292,4576,3777,1723,2494,1469,3494,5088,1489,4471,220,5472,3380,2093,4053,5382,6071,4872,5894,5829,4442,1069,1706,449,6297,2994,3276,6047,5610,5407,163,4756,5312,1826,5676,4975,1569,3442,5527,1823,6167,1042,7,3352,4706,5375,694,2551,5196,5592,5553,4729,45,433,1850,2807,5104,5089,3077,1389,4157,255,5107,3682,602,4165,4068,1540,4251,689,2184,3407,1646,3274,2463,454,816,717,238,5126,5325,2237,1586,5426,395,4869,1480,4605,1115,346,3369,5589,138,5518,3654,3915,2785,4533,6039,3679,2201,3419,4215,1659,3973,3462,942,3630,5192,5045,2355,2889,5760,6234,4747,5061,5674,709,3303,1158,5021,1030,5342,3619,1560,5301,1792,5568,3802,5787,3033,121,761,5869,2584,4610,1066,5237,3500,4815,1289,118,4481,5047,5042,1563,809,367,200,2581,5656,2468,4300,3284,4273,5608,1643,5033,3463,5028,463,1758,3308,3571,2998,6067,2299,67,247,1742,5980,1446,2283,3813,2034,5162,57,1685,610,971,434,831,6279,4643,2952,475,2664,1534,2568,2686,5775,5471,2582,2729,1374,4365,3707,115,6308,5091,2033,1332,5485,1472,6119,1490,5025,3448,1254,338,4750,4411,4252,6057,1966,4387,6230,6350,2671,2970,645,400,3752,4501,659,1168,946,2808,1774,2849,472,4621,5131,1541,473,3980,233,5858,1843,29,2653,3266,4271,6064,1491,601,2462,3755,6269,5425,3010,6002,3121,5388,1909,19,276,1416,4529,2153,4274,2712,688,2177,707,3230,3263,6380,3466,157,5929,4183,466,11,301,4897,2728,2535,6157,3922,578,79,4436,5032,4763,2202,4375,2077,4255,2613,2907,3256,1753,630,3164,5018,5019,283,2766,3486,3926,3756,954,1184,2850,3406,455,1945,2516,2393,5173,4650,3441,4507,2318,5647,347,3907,3664,4023,5145,6081,806,1951,5629,5110,3639,4474,1096,2920,4391,265,2219,4532,4684,1631,2945,6020,2186,5275,1249,6241,2097,4839,5370,3658,5193,3390,4097,5411,1454,3667,4740,4155,2718,3670,3021,4969,2225,3815,1583,6148,291,2561,5023,6080,6192,5436,5096,365,5099,4321,3184,560,990,4770,4881,5844,3306,2939,3879,5284,3215,1976,1298,422,983,5358,1806,3894,5170,1383,860,1046,1833,4552,1798,1427,6026,2844,6229,5770,5897,5735,6189,1322,5788,3366,3706,3957,3031,508,4259,1601,2503,6122,1363,221,106,2530,6302,2621,3273,6144,397,5027,6092,1615,4468,1103,2736,881,5177,2695,2796,3721,5440,213,1805,110,4963,3822,3449,5244,1722,963,4121,6313,3978,5959,5498,1264,1494,836,3793,5691,5823,5308,515,337,3873,2995,5641,1536,1747,1005,3292,2456,2833,3143,5777,5052,4265,379,1373,3181,126,2360,4877,803,4860,4538,4962,3927,4289,3888,3298,4921,920,6023,4302,6187,5730,1114,279,136,6393,2522,2570,4447,484,6362,5601,840,541,4188,4585,2289,216,2067,3487,755,1304,2345,5403,4041,3718,1181,2611,4342,1901,275,2156,490,332,1677,5488,6271,2608,1968,5448,2823,2235,5763,5427,4484,3349,528,6395,2017,5152,6114,4371,2366,1406,5621,5468,4691,3621,430,2552,6328,3819,2601,3583,2126,1705,5694,1595,1652,2869,5362,5063,5428,4081,1940,3412,1394,5376,219,5228,2048,512,1661,3725,5644,5268,3203,5795,1385,2451,2333,2401,5430,1475,5164,3054,2837,2495,653,4364,4935,4001,5493,180,2948,6173,1948,77,409,4412,1709,2896,802,6110,1662,3520,2737,1605,5319,344,2894,2492,4976,4646,3754,812,1884,4732,420,1028,204,2229,6133,2800,1696,5360,4220,5206,3726,2172,3262,1815,2839,3299,2039,696,1204,1900,4955,959,2597,1402,6357,6010,3685,10,5962,3784,1654,2605,2929,1990,2822,6001,665,798,4504,1014,1530,6084,3016,90,2403,1343,4089,5529,3669,5159,4930,1189,6043,2427,4833,4344,5544,4759,4567,6355,1970,4360,5118,5611,1744,1761,5539,443,4148,2284,3004,5971,3949,5761,96,2309,4403,1360,5282,6293,4849,1785,2655,3519,5094,1022,6098,1095,4641,150,4024,419,5884,2654,2931,636,5554,633,6227,3881,2069,3484,5960,1039,4703,249,3747,2765,4537,4616,5776,5479,435,4868,1081,675,4912,1305,5931,418,5296,4598,2274,866,1846,1341,2088,1573,6087,2989,2428,5978,4124,3346,1866,2591,2922,5031,2123,4726,1972,1799,2290,2517,2617,146,3383,4626,1883,1105,3618,5696,1987,4741,2178,230,3513,919,5289,2075,590,3787,1702,2623,1053,2058,2196,4509,2784,2015,957,838,3160,3372,4392,5511,2779,742,732,1009,3617,6106,5804,1484,2131,4205,3668,851,4705,5346,824,2145,716,3440,1764,3886,232,1772,3410,4588,4769,1550,1811,4275,931,6233,5057,2277,1699,5146,1999,727,4137,4647,5818,4551,6007,5142,4140,3895,5926,2250,5666,4961,6066,6009,1938,5074,2724,1510,6042,4599,1241,3443,6359,934,5374,3745,281,1973,523,141,368,5738,4383,52,234,3566,3477,4983,2496,3074,2287,5247,2254,2618,2873,782,1082,730,5994,1162,980,5571,3695,1411,5311,3096,386,4900,1033,5419,561,4892,2859,2864,1501,1910,904,4229,3823,3202,3530,3103,3542,2169,5840,5214,3039,317,697,6267,2861,2230,4223,1741,3140,2286,3001,2596,6008,5483,526,6270,6288,2362,6386,4633,2625,708,5186,5574,2231,2449,5602,5556,1885,888,3247,4804,3900,5251,6212,1989,1058,2514,2645,4627,4555,841,6038,1327,5285,2783,4073,5463,3282,4885,4145,4439,17,5912,6385,671,5605,1558,4154,5392,893,5783,6024,2799,5541,4243,1977,4894,85,3672,4408,801,5512,4477,3928,4583,1755,1060,5759,4438,5800,5578,5171,6216,6312,4720,497,6120,2982,5766,5982,986,470,1804,2693,387,6326,3197,1372,539,3866,1962,3659,4099,269,5747,1123,2280,1474,2105,3064,1981,3281,3723,2259,2598,5533,2803,1288,2275,6291,2030,3454,2448,2398,4011,2418,868,3060,4132,5465,457,5582,5083,4117,2557,4867,2325,6037,4130,6177,4313,1837,3483,3240,1293,4095,3593,2004,1718,4150,3587,3163,4922,215,456,5599,2789,2991,4355,6296,1565,6127,2768,23,3045,753,2771,5453,4559,668,530,811,4476,4805,4084,5981,5719,1681,4932,469,4315,3501,4156,4007,3409,6218,2708,2553,5606,1295,2544,6372,554,5852,1146,1238,3371,3294,2006,4857,710,3397,4907,2384,731,4446,56,3591,388,691,9,2249,184,5741,670,4328,1011,5393,2217,1287,3551,2652,5494,3148,246,4397,1335,1862,2354,1582,5002,1629,1796,1630,952,4895,2700,22,569,4847,751,286,2490,991,2408,4896,1537,3447,4836,3264,3269,5176,5482,4336,1513,5321,148,82,6082,4539,6201,1161,4250,3809,3311,4851,1173,2121,2204,2578,3235,6,446,5955,2961,2560,2222,6318,2111,4644,2706,6058,3075,5416,4572,2264,982,2146,5817,5167,1209,6309,930,4677,3405,550,2525,3374,5136,1213,2638,5265,199,1283,3714,2062,4698,3239,5160,212,2358,319,4096,1320,2774,4587,615,1073,4113,2194,1036,2957,4561,453,772,5620,5550,6073,1310,2413,4361,2344,1449,1819,3109,4303,6349,5842,108,2475,351,203,2363,1710,4575,3684,3600,599,5243,494,1895,4939,3529,5703,4172,1359,464,287,834,3703,3242,1296,5623,440,1120,3249,1101,1150,1751,4687,4380,1942,6061,2367,2431,14,4607,2167,2913,5046,5080,3700,4116,4929,4594,5697,5930,3335,1701,2985,5365,693,3731,1609,4500,1831,4290,2780,4721,4345,2488,6044,1140,360,3890,1240,5937,1260,1499,5604,30,1353,1117,3000,734,503,5480,282,6163,5056,3883,1043,5552,5698,5834,4128,1467,4478,6040,5417,1277,3964,94,793,4522,933,4694,2900,4473,5642,3623,5283,6379,2667,2272,4018,3014,1504,6298,754,6113,3811,667,6159,4207,5322,3387,4638,5624,2740,1716,1793,4472,5924,3055,789,3196,2593,1339,1544,1423,5536,3217,2672,4766,4637,4665,5154,6029,5793,5639,3182,589,2072,5799,2632,3626,352,3391,3116,1075,1265,1292,3323,3698,5757,1923,524,6109,2892,3053,614,6378,5705,739,5113,998,3937,3561,4625,3904,202,6383,1040,2330,1242,2068,133,1844,5020,1828,4987,2376,643,2406,3586,3655,5951,3642,5256,6325,237,5768,1370,5124,3942,5963,2927,426,1669,3478,918,4039,2038,3925,1603,3300,2752,6103,1019,2044,21,2241,2607,5867,2545,2482,6225,3168,5891,196,1333,3155,3833,2524,3708,2454,2266,4880,2815,2694,5816,4093,6275,5420,1198,2742,2540,1775,1227,1531,855,4676,3795,4193,2130,5669,4058,1958,927,4339,3856,4299,2666,1956,5946,6013,2265,5408,1674,2829,5190,713,3946,4544,1509,2163,4875,4905,1612,8,5175,3277,863,3629,6079,4033,992,5086,4326,3769,4943,2268,97,685,1559,6247,2313,1632,2053,5825,1588,3913,6049,1050,864,783,3047,5194,2164,458,5607,6333,5081,3845,6085,1852,4516,1932,137,5545,46,1959,4461,4111,1952,1808,3778,477,251,521,4120,3248,1433,4354,5075,5870,1388,5129,6056,3422,4388,224,3616,3702,6188,5570,1765,4856,2990,4441,1392,1918,1807,3515,5044,41,1562,4378,5528,2772,4502,465,6022,1237,4997,519,223,808,4195,3283,1911,5349,4112,6365,5359,285,4899,4410,4767,752,1246,3359,1408,3538,1457,2195,3319,2950,2087,1188,268,3810,5663,2915,2881,3537,5655,6223,1993,3826,436,2756,2395,5006,2703,4918,3771,6344,3840,277,5935,3599,4635,4390,4335,1139,885,3656,3063,6209,3958,225,1024,750,5728,6394,2520,6356,5378,1493,2193,2722,5600,4528,4030,1604,2060,1020,4739,3270,2208,378,3938,3142,6330,5467,3687,3914,3032,4444,2210,1639,5626,1132,4057,4785,1049,3139,4098,4579,1825,3339,1307,509,985,1688,1668,5200,609,4653,1466,5616,4178,2542,2727,1766,3316,6363,0,1125,6381,1853,3008,760,5477,4622,5461,4547,4272,6135,26,607,425,3433,5802,248,899,5649,573,2498,4776,1517,1830,2256,2946,3824,2640,2675,3612,4457,322,5850,101,3705,2043,6158,1294,4180,504,3607,1598,5893,4564,1231,2491,2590,342,2962,3485,2356,1622,2536,6000,2713,2681,3662,2555,4611,1739,4947,6243,4800,4333,314,2857,5072,3741,423,4282,4820,4775,4858,134,59,1578,1270,2955,3818,6240,5000,1635,819,6203,1789,1939,3791,5948,1357,3207,250,2911,1914,3762,1748,1395,4242,2338,880,1470,1458,4640,582,6199,4396,1676,3152,4163,5622,1926,3638,5466,4264,1946,421,1667,2226,3817,4055,534,6364,4831,356,66,2181,6036,2312,5898,5548,6166,1552,3344,4948,4754,5069,3742,2436,600,3555,612,3278,2374,3502,2511,343,6178,1127,5786,1690,6017,1437,2959,2974,2242,994,181,1767,3641,4546,929,3358,2647,6290,1235,5261,3967,1809,1267,2573,4618,1055,5685,5999,4557,3671,2207,4497,2218,3981,2054,1143,790,5769,331,2203,2820,222,34,3078,3036,5693,883,5919,1842,4359,1001,1063,1971,5489,5824,1745,4526,1136,4742,6027,5672,2969,1574,2633,4701,736,6285,722,5409,999,1650,4409,4609,403,4319,1379,2027,3254,1337,586,4414,4200,2587,1975,3365,2306,5384,1542,1879,510,2932,5839,5051,335,6015,218,5441,1712,3083,646,4558,5671,2908,4863,2726,4287,3118,4898,3085,2717,5922,989,5701,3597,3923,3434,5874,2509,404,5205,5132,2867,6050,4164,3171,5934,4059,4631,1555,6065,2745,4751,4679,2834,1090,273,5811,481,5007,1137,5686,3132,3439,2180,4702,4433,5657,1587,3831,4256,5822,3362,158,164,5837,5973,370,2602,4794,3870,5729,72,4288,6352,1384,5144,1855,162,4591,6215,5745,1439,5743,6151], "time_ms": 0.082728, "namespace": "mlperf::logging", "event_type": "POINT_IN_TIME", "metadata": {"is_error": false, "is_warning": false, "file": "loadgen.cc", "line_no": 608, "pid": 3471, "tid": 3471}}
:::MLLOG {"key": "generated_query_count", "value": 1, "time_ms": 0.443747, "namespace": "mlperf::logging", "event_type": "POINT_IN_TIME", "metadata": {"is_error": false, "is_warning": false, "file": "loadgen.cc", "line_no": 427, "pid": 3471, "tid": 3471}}
:::MLLOG {"key": "generated_samples_per_query", "value": 12792, "time_ms": 0.443747, "namespace": "mlperf::logging", "event_type": "POINT_IN_TIME", "metadata": {"is_error": false, "is_warning": false, "file": "loadgen.cc", "line_no": 428, "pid": 3471, "tid": 3471}}
:::MLLOG {"key": "generated_query_duration", "value": 55555555, "time_ms": 0.443747, "namespace": "mlperf::logging", "event_type": "POINT_IN_TIME", "metadata": {"is_error": false, "is_warning": false, "file": "loadgen.cc", "line_no": 429, "pid": 3471, "tid": 3471}}
:::MLLOG {"key": "generic_message", "value": "Ending naturally: Minimum query count and test duration met.", "time_ms": 1447.213994, "namespace": "mlperf::logging", "event_type": "POINT_IN_TIME", "metadata": {"is_error": false, "is_warning": false, "file": "issue_query_controller.cc", "line_no": 482, "pid": 3471, "tid": 3471}}
:::MLLOG {"key": "logger_swap_request_slots_retry_count", "value": 0, "time_ms": 1185277.525269, "namespace": "mlperf::logging", "event_type": "POINT_IN_TIME", "metadata": {"is_error": false, "is_warning": false, "file": "logging.cc", "line_no": 902, "pid": 3471, "tid": 3471}}
:::MLLOG {"key": "logger_swap_request_slots_retry_retry_count", "value": 0, "time_ms": 1185277.525269, "namespace": "mlperf::logging", "event_type": "POINT_IN_TIME", "metadata": {"is_error": false, "is_warning": false, "file": "logging.cc", "line_no": 904, "pid": 3471, "tid": 3471}}
:::MLLOG {"key": "logger_swap_request_slots_retry_reencounter_count", "value": 0, "time_ms": 1185277.525269, "namespace": "mlperf::logging", "event_type": "POINT_IN_TIME", "metadata": {"is_error": false, "is_warning": false, "file": "logging.cc", "line_no": 906, "pid": 3471, "tid": 3471}}
:::MLLOG {"key": "logger_start_reading_entries_retry_count", "value": 0, "time_ms": 1185277.525269, "namespace": "mlperf::logging", "event_type": "POINT_IN_TIME", "metadata": {"is_error": false, "is_warning": false, "file": "logging.cc", "line_no": 908, "pid": 3471, "tid": 3471}}
:::MLLOG {"key": "logger_tls_total_log_cas_fail_count", "value": 0, "time_ms": 1185277.525269, "namespace": "mlperf::logging", "event_type": "POINT_IN_TIME", "metadata": {"is_error": false, "is_warning": false, "file": "logging.cc", "line_no": 910, "pid": 3471, "tid": 3471}}
:::MLLOG {"key": "logger_tls_total_swap_buffers_slot_retry_count", "value": 0, "time_ms": 1185277.525269, "namespace": "mlperf::logging", "event_type": "POINT_IN_TIME", "metadata": {"is_error": false, "is_warning": false, "file": "logging.cc", "line_no": 912, "pid": 3471, "tid": 3471}}
:::MLLOG {"key": "power_begin", "value": "07-28-2026 21:39:28.303", "time_ms": 1185277.527369, "namespace": "mlperf::logging", "event_type": "POINT_IN_TIME", "metadata": {"is_error": false, "is_warning": false, "file": "loadgen.cc", "line_no": 562, "pid": 3471, "tid": 3471}}
:::MLLOG {"key": "power_end", "value": "07-28-2026 21:59:13.575", "time_ms": 1185277.527369, "namespace": "mlperf::logging", "event_type": "POINT_IN_TIME", "metadata": {"is_error": false, "is_warning": false, "file": "loadgen.cc", "line_no": 564, "pid": 3471, "tid": 3471}}
:::MLLOG {"key": "result_validity", "value": "VALID", "time_ms": 1185277.565649, "namespace": "mlperf::logging", "event_type": "POINT_IN_TIME", "metadata": {"is_error": false, "is_warning": false, "file": "results.cc", "line_no": 674, "pid": 3471, "tid": 3471}}
:::MLLOG {"key": "result_min_duration_met", "value": true, "time_ms": 1185277.565649, "namespace": "mlperf::logging", "event_type": "POINT_IN_TIME", "metadata": {"is_error": false, "is_warning": false, "file": "results.cc", "line_no": 679, "pid": 3471, "tid": 3471}}
:::MLLOG {"key": "result_min_queries_met", "value": true, "time_ms": 1185277.565649, "namespace": "mlperf::logging", "event_type": "POINT_IN_TIME", "metadata": {"is_error": false, "is_warning": false, "file": "results.cc", "line_no": 680, "pid": 3471, "tid": 3471}}
:::MLLOG {"key": "early_stopping_met", "value": true, "time_ms": 1185277.565649, "namespace": "mlperf::logging", "event_type": "POINT_IN_TIME", "metadata": {"is_error": false, "is_warning": false, "file": "results.cc", "line_no": 681, "pid": 3471, "tid": 3471}}
:::MLLOG {"key": "early_stopping_ttft_result", "value": "", "time_ms": 1185277.565649, "namespace": "mlperf::logging", "event_type": "POINT_IN_TIME", "metadata": {"is_error": false, "is_warning": false, "file": "results.cc", "line_no": 706, "pid": 3471, "tid": 3471}}
:::MLLOG {"key": "early_stopping_tpot_result", "value": "", "time_ms": 1185277.565649, "namespace": "mlperf::logging", "event_type": "POINT_IN_TIME", "metadata": {"is_error": false, "is_warning": false, "file": "results.cc", "line_no": 708, "pid": 3471, "tid": 3471}}
:::MLLOG {"key": "result_query_count", "value": 1, "time_ms": 1185277.565649, "namespace": "mlperf::logging", "event_type": "POINT_IN_TIME", "metadata": {"is_error": false, "is_warning": false, "file": "results.cc", "line_no": 712, "pid": 3471, "tid": 3471}}
:::MLLOG {"key": "result_samples_per_second", "value": 10.7925, "time_ms": 1185277.565649, "namespace": "mlperf::logging", "event_type": "POINT_IN_TIME", "metadata": {"is_error": false, "is_warning": false, "file": "results.cc", "line_no": 768, "pid": 3471, "tid": 3471}}
:::MLLOG {"key": "result_min_latency_ns", "value": 42880139383, "time_ms": 1185277.565649, "namespace": "mlperf::logging", "event_type": "POINT_IN_TIME", "metadata": {"is_error": false, "is_warning": false, "file": "results.cc", "line_no": 774, "pid": 3471, "tid": 3471}}
:::MLLOG {"key": "result_max_latency_ns", "value": 1185272257670, "time_ms": 1185277.565649, "namespace": "mlperf::logging", "event_type": "POINT_IN_TIME", "metadata": {"is_error": false, "is_warning": false, "file": "results.cc", "line_no": 775, "pid": 3471, "tid": 3471}}
:::MLLOG {"key": "result_mean_latency_ns", "value": 644054057696, "time_ms": 1185277.565649, "namespace": "mlperf::logging", "event_type": "POINT_IN_TIME", "metadata": {"is_error": false, "is_warning": false, "file": "results.cc", "line_no": 776, "pid": 3471, "tid": 3471}}
:::MLLOG {"key": "result_50.00_percentile_latency_ns", "value": 646035583412, "time_ms": 1185277.565649, "namespace": "mlperf::logging", "event_type": "POINT_IN_TIME", "metadata": {"is_error": false, "is_warning": false, "file": "results.cc", "line_no": 778, "pid": 3471, "tid": 3471}}
:::MLLOG {"key": "result_90.00_percentile_latency_ns", "value": 1112609225101, "time_ms": 1185277.565649, "namespace": "mlperf::logging", "event_type": "POINT_IN_TIME", "metadata": {"is_error": false, "is_warning": false, "file": "results.cc", "line_no": 778, "pid": 3471, "tid": 3471}}
:::MLLOG {"key": "result_95.00_percentile_latency_ns", "value": 1162257311614, "time_ms": 1185277.565649, "namespace": "mlperf::logging", "event_type": "POINT_IN_TIME", "metadata": {"is_error": false, "is_warning": false, "file": "results.cc", "line_no": 778, "pid": 3471, "tid": 3471}}
:::MLLOG {"key": "result_97.00_percentile_latency_ns", "value": 1172383498260, "time_ms": 1185277.565649, "namespace": "mlperf::logging", "event_type": "POINT_IN_TIME", "metadata": {"is_error": false, "is_warning": false, "file": "results.cc", "line_no": 778, "pid": 3471, "tid": 3471}}
:::MLLOG {"key": "result_99.00_percentile_latency_ns", "value": 1179619688105, "time_ms": 1185277.565649, "namespace": "mlperf::logging", "event_type": "POINT_IN_TIME", "metadata": {"is_error": false, "is_warning": false, "file": "results.cc", "line_no": 778, "pid": 3471, "tid": 3471}}
:::MLLOG {"key": "result_99.90_percentile_latency_ns", "value": 1183933660069, "time_ms": 1185277.565649, "namespace": "mlperf::logging", "event_type": "POINT_IN_TIME", "metadata": {"is_error": false, "is_warning": false, "file": "results.cc", "line_no": 778, "pid": 3471, "tid": 3471}}
:::MLLOG {"key": "result_tokens_per_second", "value": 14130.6, "time_ms": 1185277.565649, "namespace": "mlperf::logging", "event_type": "POINT_IN_TIME", "metadata": {"is_error": false, "is_warning": false, "file": "results.cc", "line_no": 822, "pid": 3471, "tid": 3471}}
:::MLLOG {"key": "num_errors", "value": 0, "time_ms": 1185277.565649, "namespace": "mlperf::logging", "event_type": "POINT_IN_TIME", "metadata": {"is_error": false, "is_warning": false, "file": "results.cc", "line_no": 852, "pid": 3471, "tid": 3471}}
